200069387
200069387
200069388
200069388
200069389
200069389
200069390
200069390
221312395
221312395
221405871
221405871
221646527
221646527
221718350
221718350
221723022
221723022
221730899
221730899
221731586
221731586
221736118
221736118
221745727
221745727
221773945
221773945
221855684
221855684
221887964
221887964
221907528
221907528
221918659
221918659
221937241
221937241
221938867
221938867
221965093
221965093
221968183
221968183
221980326
221980326
221991290
221991290
221995510
221995510
221997391
221997391
222001111
222001111
222001328
222001328
222001341
222001341
222002937
222002937
222020188
222020188
222037354
222037354
222038957
222038957
222063900
222063900
222072613
222072613
222076670
222076670
222082127
222082127
222083205
222083205
222092065
222092065
222094935
222094935
222113850
222113850
222119868
222119868
222136221
222136221
222146454
222146454
222146591
222146591
222148346
222148346
222157239
222157239
222160975
222160975
222170135
222170135
222170295
222170295
222170317
222170317
222176508
222176508
222182375
222182375
222184746
222184746
222189898
222189898
222194796
222194796
222195813
222195813
222208483
222208483
222209457
222209457
222218055
222218055
222219686
222219686
222223205
222223205
222229673
222229673
222231895
222231895
222233642
222233642
222243047
222243047
222252159
222252159
222265697
222265697
222267075
222267075
222270477
222270477
222282569
222282569
222289639
222289639
222296622
222296622
222296701
222296701
222309251
222309251
222311911
222311911
222316908
222316908
222319020
222319020
222324318
222324318
222340068
222340068
222343049
222343049
222350668
222350668
222361076
222361076
222361622
222361622
222365259
222365259
222366123
222366123
222372216
222372216
222392251
222392251
222393846
222393846
222394332
222394332
222399381
222399381
222406223
222406223
222406832
222406832
222411842
222411842
222414803
222414803
222427703
222427703
222429836
222429836
222440330
222440330
222441601
222441601
222444566
222444566
222465549
222465549
222469299
222469299
222477580
222477580
222481372
222481372
222484031
222484031
222498352
222498352
222498720
222498720
222499429
222499429
222509184
222509184
222511853
222511853
222513336
222513336
222517371
222517371
222517686
222517686
222522331
222522331
222533695
222533695
222539630
222539630
222541171
222541171
222541897
222541897
222548618
222548618
222551169
222551169
222551868
222551868
222553388
222553388
222553938
222553938
222556570
222556570
222557988
222557988
222558157
222558157
222563094
222563094
222563473
222563473
222569485
222569485
222570734
222570734
222572840
222572840
222574234
222574234
222575532
222575532
222579973
222579973
222583990
222583990
222589192
222589192
222590100
222590100
222594016
222594016
222605741
222605741
222609967
222609967
222613836
222613836
222627308
222627308
222642837
222642837
222643038
222643038
222644522
222644522
222648654
222648654
222656365
222656365
222666381
222666381
222668291
222668291
222668508
222668508
222672802
222672802
222673680
222673680
222683750
222683750
222686870
222686870
222688996
222688996
222691358
222691358
222695471
222695471
222703234
222703234
222703551
222703551
222741210
222741210
222753500
222753500
222758304
222758304
222759976
222759976
222760161
222760161
222763743
222763743
222769995
222769995
222780033
222780033
222791769
222791769
222806673
222806673
222806825
222806825
222807761
222807761
222808213
222808213
222808946
222808946
222818259
222818259
222821983
222821983
222822746
222822746
222830313
222830313
222832555
222832555
222832946
222832946
222833454
222833454
222843060
222843060
222844893
222844893
222845331
222845331
222854683
222854683
222865889
222865889
222868004
222868004
222883371
222883371
222886522
222886522
222887550
222887550
222894047
222894047
222901159
222901159
222904218
222904218
222904354
222904354
222907137
222907137
222908393
222908393
222915982
222915982
222917706
222917706
222920793
222920793
222929385
222929385
222939652
222939652
222941874
222941874
222942770
222942770
222958300
222958300
222964820
222964820
222983439
222983439
222996651
222996651
223004149
223004149
223005777
223005777
223035042
223035042
223051042
223051042
223051735
223051735
223080337
223080337
223096357
223096357
223096777
223096777
223121291
223121291
223122781
223122781
223126835
223126835
223127342
223127342
223155850
223155850
223186907
223186907
223192670
223192670
223205550
223205550
223252417
223252417
223254056
223254056
223254456
223254456
223257422
223257422
223276071
223276071
223286401
223286401
223315054
223315054
223341215
223341215
223359631
223359631
223370117
223370117
223381838
223381838
223482421
223482421
223493966
223493966
223556966
223556966
223557439
223557439
223573464
223573464
223623369
223623369
223623903
223623903
223629658
223629658
223646517
223646517
223659441
223659441
223665374
223665374
223695197
223695197
223700424
223700424
223787734
223787734
223802647
223802647
223824828
223824828
223832351
223832351
223832867
223832867
223939767
223939767
223947031
223947031
223950272
223950272
223956110
223956110
223977995
223977995
223999125
223999125
224002626
224002626
224013128
224013128
224048262
224048262
224048262
224048262
224099259
224099259
224100869
224100869
224107457
224107457
224145736
224145736
224177119
224177119
224182751
224182751
224188328
224188328
224206658
224206658
224237996
224237996
224258716
224258716
224280190
224280190
224287270
224287270
224290871
224290871
224297601
224297601
224305947
224305947
224308209
224308209
224308921
224308921
224311432
224311432
224311447
224311447
224312151
224312151
224313065
224313065
224314197
224314197
224314265
224314265
224314764
224314764
224316080
224316080
224316091
224316091
224316568
224316568
224317352
224317352
224317366
224317366
224319473
224319473
224319597
224319597
224319871
224319871
224320688
224320688
224321303
224321303
224321306
224321306
224321494
224321494
224322753
224322753
224326168
224326168
224327080
224327080
224327278
224327278
224328040
224328040
224328215
224328215
224328571
224328571
224330659
224330659
224330915
224330915
224332430
224332430
224332620
224332620
224336179
224336179
224340256
224340256
224341656
224341656
224343392
224343392
224343392
224343392
224345928
224345928
224346042
224346042
224351176
224351176
224351290
224351290
224352275
224352275
224352677
224352677
224353581
224353581
224356281
224356281
224356395
224356395
224359310
224359310
224359694
224359694
224361631
224361631
224362156
224362156
224362997
224362997
224364733
224364733
224365014
224365014
224366356
224366356
224367988
224367988
224369616
224369616
224379078
224379078
224379847
224379847
224379865
224379865
224380202
224380202
224380390
224380390
224381393
224381393
224382041
224382041
224386438
224386438
224386961
224386961
224387008
224387008
224387244
224387244
224389138
224389138
224389484
224389484
224389634
224389634
224390120
224390120
224392069
224392069
224392324
224392324
224393028
224393028
224394253
224394253
224394353
224394353
224396425
224396425
224399118
224399118
224400629
224400629
224400745
224400745
224402329
224402329
224402431
224402431
224403700
224403700
224407235
224407235
224407235
224407235
224407525
224407525
224408806
224408806
224409162
224409162
224409672
224409672
224410960
224410960
224412309
224412309
224412458
224412458
224412970
224412970
224413935
224413935
224415423
224415423
224417043
224417043
224417127
224417127
224418655
224418655
224419164
224419164
224419741
224419741
224419990
224419990
224420233
224420233
224420667
224420667
224420797
224420797
224422316
224422316
224424757
224424757
224426643
224426643
224427127
224427127
224427407
224427407
224428514
224428514
224430588
224430588
224430834
224430834
224431765
224431765
224432562
224432562
224432834
224432834
224433249
224433249
224433745
224433745
224436629
224436629
224436688
224436688
224437099
224437099
224438171
224438171
224439122
224439122
224439430
224439430
224439742
224439742
224440447
224440447
224444697
224444697
224444934
224444934
224446184
224446184
224450496
224450496
224450714
224450714
224451295
224451295
224451806
224451806
224453162
224453162
224457138
224457138
224460976
224460976
224461008
224461008
224463623
224463623
224466741
224466741
224466741
224466741
224467724
224467724
224487047
224487047
224493585
224493585
224504404
224504404
224510238
224510238
224544080
224544080
224564787
224564787
224566226
224566226
224628092
224628092
224661760
224661760
224669306
224669306
224689894
224689894
224700649
224700649
224757434
224757434
224782319
224782319
224794507
224794507
224825377
224825377
224847398
224847398
224895617
224895617
224947037
224947037
224991310
224991310
225008081
225008081
225045562
225045562
225072880
225072880
225099906
225099906
225102663
225102663
225112638
225112638
225150059
225150059
225166718
225166718
225172767
225172767
225191577
225191577
225251264
225251264
225322328
225322328
225330052
225330052
225377677
225377677
225382260
225382260
225389644
225389644
225438573
225438573
225448198
225448198
225450463
225450463
225452539
225452539
225456723
225456723
225474545
225474545
225484591
225484591
225514799
225514799
225554801
225554801
225576868
225576868
225587997
225587997
225612092
225612092
225623685
225623685
225643897
225643897
225677621
225677621
225799074
225799074
225884422
225884422
225936180
225936180
225945064
225945064
225966075
225966075
225990054
225990054
226007518
226007518
226030870
226030870
226097699
226097699
226144734
226144734
226157467
226157467
226224032
226224032
226235777
226235777
226238697
226238697
226241087
226241087
226244584
226244584
226263932
226263932
226276972
226276972
226286176
226286176
226289619
226289619
226290767
226290767
226296275
226296275
226298559
226298559
226302750
226302750
226320054
226320054
226334876
226334876
226338470
226338470
226354727
226354727
226361653
226361653
226364977
226364977
226371609
226371609
226373479
226373479
226376214
226376214
226377509
226377509
226412831
226412831
226435218
226435218
226447463
226447463
226466534
226466534
226470845
226470845
226472639
226472639
226476890
226476890
226479027
226479027
226480658
226480658
226481231
226481231
226484756
226484756
226488703
226488703
226504882
226504882
226529059
226529059
226543615
226543615
226546818
226546818
226547563
226547563
226557170
226557170
226558313
226558313
226564268
226564268
226564613
226564613
226582044
226582044
226584143
226584143
226603064
226603064
226609366
226609366
226619552
226619552
226633525
226633525
226635995
226635995
226639811
226639811
226659645
226659645
226679131
226679131
226694186
226694186
226696123
226696123
226729576
226729576
226742010
226742010
226742929
226742929
226758086
226758086
226768290
226768290
226774328
226774328
226775940
226775940
226838013
226838013
226848032
226848032
226865747
226865747
226876125
226876125
226879801
226879801
226909661
226909661
226911541
226911541
226926619
226926619
226927839
226927839
226936070
226936070
226950687
226950687
226958190
226958190
226960021
226960021
226968315
226968315
226972386
226972386
227007143
227007143
227024370
227024370
227028693
227028693
227049676
227049676
227052770
227052770
227065848
227065848
227070958
227070958
227089373
227089373
227099784
227099784
227105367
227105367
227108971
227108971
227115126
227115126
227159719
227159719
227172698
227172698
227173061
227173061
227206884
227206884
227249894
227249894
227267697
227267697
227305488
227305488
227307730
227307730
227315843
227315843
227321317
227321317
227329786
227329786
227345588
227345588
227365417
227365417
227373493
227373493
227386210
227386210
227420856
227420856
227433841
227433841
227485308
227485308
227515758
227515758
227524709
227524709
227534190
227534190
227535019
227535019
227537846
227537846
227538384
227538384
227538416
227538416
227538699
227538699
227539095
227539095
227539856
227539856
227542066
227542066
227543402
227543402
227543405
227543405
227544692
227544692
227552090
227552090
227552114
227552114
227553507
227553507
227553549
227553549
227559513
227559513
227563774
227563774
227585390
227585390
227596642
227596642
227601765
227601765
227698422
227698422
227713258
227713258
227719084
227719084
227729515
227729515
227774446
227774446
227817310
227817310
227825246
227825246
227826712
227826712
227829287
227829287
227830499
227830499
227841823
227841823
227856268
227856268
227916945
227916945
227943519
227943519
228028303
228028303
228129073
228129073
228147439
228147439
228147644
228147644
228162462
228162462
228162462
228162462
228244671
228244671
228248761
228248761
228282372
228282372
228293755
228293755
