202059310
202059326
202059346
202059350
202059432
202060184
202060461
202060463
202060712
202061002
202061216
202061226
202061333
202061338
202062100
202062454
202062472
202062473
202062482
202062487
202062527
202062572
202063042
202063066
202063158
202063178
202063186
202063217
202063265
202063266
202063282
202063312
202063319
202063327
202063347
202063508
202063530
202063611
202063661
202063678
202063833
202063859
202063922
202064086
202064114
202064135
202064140
202064164
202064214
202064541
202065552
202065816
202065877
202066934
202067367
202067399
202068342
202068697
202068704
202068727
202068730
202068775
202068783
202068785
202068790
202068806
202068811
202068813
202068814
202068821
202071328
202071458
202071467
202071468
202071486
202071487
202071522
202071541
202071544
202071572
202071573
202071581
202071611
202071671
202071676
202071677
202071687
202071688
202071698
202071702
202071704
202071718
202071739
202071747
202071748
202071757
202071767
202071770
202071771
202071803
202071829
202071847
202071848
202071851
202071861
202071868
202071870
202071879
202071932
202071938
202071939
202071962
202071981
202071993
202072000
202072006
202072039
202072044
202072099
202072113
202072133
202072159
202072168
202072169
202072215
202072268
202072274
202072280
202072318
202072363
202072403
202072452
202072461
202072472
202072480
202072490
202072493
202072497
202072530
202072534
202072544
202072553
202072567
202072602
202072624
202072626
202072642
202072646
202072652
202072659
202072675
202072692
202072694
202072736
202072742
202072753
202072801
202072806
202072815
202072822
202072872
202072882
202072891
202072896
202072909
202072912
202073276
202073309
202073310
202073354
202073366
202073371
202073373
202073374
202073397
202073402
202073439
202073489
202073502
202086112
202086196
202086286
202086413
202086609
202086916
202087062
202087204
202087361
202087424
202087669
202087711
202088053
202088424
202088628
202088780
202088789
202088965
202089039
202089221
202089223
202089502
202089556
202089768
202089800
202089895
202090227
202090267
202090288
202090427
202090669
202090748
202090967
202091045
202091173
202091477
202091660
202091836
202091942
202092072
202092136
202092239
202092299
202092351
202092393
202092538
202092851
202093102
202093166
202093353
202093378
202093540
202094076
202094081
202094144
202094227
202094401
202094508
202094640
202094669
202094823
202094831
202094852
202094958
202094977
202095144
202095238
202095297
202095302
202095353
202095414
202095448
202095551
202095563
202095639
202095709
202135114
202135260
202136048
202136438
202137146
202137160
202138046
202139786
