202059082
202059422
202059433
202060171
202060198
202060523
202060551
202060702
202060800
202060911
202060921
202061000
202062176
202062191
202063160
202064107
202064157
202064235
202064253
202064447
202064462
202064549
202064825
202065545
202066228
202066394
202066699
202066811
202067576
202068686
202068807
202070263
202071297
202071579
202071635
202071842
202071902
202071945
202071994
202072061
202072430
202072451
202072485
202072563
202072704
202072917
202072929
202072932
202072958
202072959
202072961
202072963
202072965
202072966
202072988
202072992
202073044
202073063
202073064
202073117
202073124
202073160
202073203
202073213
202073290
202073445
202073490
202074775
202081129
202081630
202083032
202083476
202083510
202083650
202084383
202084447
202084588
202084595
202084843
202085141
202085432
202085526
202085597
202086223
202086225
202086291
202086627
202086704
202086826
202086968
202087553
202088191
202088297
202089732
202089750
202089962
202090093
202090290
202091026
202091197
202091203
202091278
202091514
202092480
202092613
202092659
202092842
202092891
202093417
202093732
202093743
202093748
202093930
202093968
202094117
202094121
202094536
202095298
202095540
202122545
202126825
202126847
202126851
202126852
202126862
202126863
202126864
202126866
202126867
202126876
202126877
202126878
202126880
202126887
202127440
202127679
202135247
202135736
202136223
202137119
202137152
202137163
202137190
202137271
202138937
202139138
202139288
202139332
202139605
