202059360
202059377
202059416
202060124
202060132
202060135
202060439
202060447
202060506
202060577
202060680
202060752
202061317
202062450
202062495
202063201
202063357
202063828
202064026
202064532
202064534
202064535
202064539
202064761
202065543
202066918
202066941
202067081
202067464
202068175
202071279
202071289
202071293
202071322
202071505
202071602
202071631
202071684
202071689
202071731
202072075
202072486
202072502
202072522
202072940
202072971
202072972
202072978
202072982
202072991
202073003
202073004
202073040
202073061
202073067
202073068
202073088
202073096
202073097
202073121
202073135
202073144
202073145
202073152
202073154
202073161
202073174
202073175
202073185
202073186
202073207
202073210
202073217
202073218
202073232
202073235
202073238
202073248
202073257
202073258
202073262
202073266
202073267
202073270
202073294
202073297
202073307
202073314
202073315
202073319
202073323
202073346
202073348
202073353
202073360
202073361
202073362
202073364
202073377
202073380
202073389
202073434
202073438
202073440
202073495
202081725
202081823
202083021
202083024
202083144
202083924
202084111
202085014
202085652
202086163
202086703
202087368
202088178
202088387
202088474
202088701
202088991
202091015
202091456
202091545
202091553
202091919
202092530
202092559
202092864
202093033
202094234
202103762
202126886
202136445
202137167
202137537
202137571
202138045
202138386
202139162
202139238
202139294
