202059348
202059373
202059418
202060092
202060179
202060422
202060562
202060672
202060764
202060792
202060806
202060831
202060909
202060932
202061205
202061208
202061247
202061288
202061312
202061353
202062064
202062085
202062090
202062120
202062198
202062200
202062234
202062447
202062455
202062511
202062552
202062782
202063090
202063120
202063171
202063271
202063384
202063838
202064124
202064133
202064139
202064262
202065120
202065248
202066041
202066193
202066909
202066926
202068685
202068693
202068723
202068726
202068749
202068795
202068797
202068817
202070246
202071563
202071608
202071619
202071624
202071629
202071776
202071778
202071800
202071810
202071863
202071951
202071955
202072009
202072042
202072070
202072074
202072148
202072204
202072230
202072282
202072299
202072345
202072450
202072458
202072487
202072498
202072577
202072581
202072596
202072597
202072613
202072634
202072657
202072661
202072688
202072737
202072793
202072812
202072820
202072829
202072849
202072863
202072906
202072919
202081199
202083792
202084748
202086758
202088299
202088430
202088741
202089014
202089163
202089231
202089307
202089648
202089781
202090021
202090050
202090173
202090225
202090444
202090565
202090738
202090775
202090803
202091081
202091206
202091376
202091940
202092022
202092251
202092515
202092556
202092583
202092801
202093130
202093185
202093617
202093723
202093819
202094021
202094188
202094341
202094434
202094762
202094835
202094863
202095220
202095362
202095466
202126888
202127134
202127863
202128805
202137128
202137157
202137598
202137909
202138295
202138341
202138372
202140009
202154314
