202059070
202059073
202059074
202059078
202059080
202059081
202059086
202059183
202059192
202059193
202059195
202059197
202059199
202059203
202059208
202059215
202059222
202059223
202059224
202059243
202059318
202059333
202059336
202059339
202059343
202059351
202059359
202059367
202059388
202059410
202059415
202059435
202059511
202059521
202059530
202059531
202059532
202059547
202059586
202059606
202059638
202060054
202060091
202060093
202060164
202060193
202060210
202060383
202060391
202060404
202060408
202060421
202060437
202060488
202060509
202060515
202060516
202060571
202060600
202060654
202060667
202060704
202060710
202060722
202060730
202060732
202060735
202060743
202060766
202060779
202060791
202060813
202060833
202060839
202060863
202060876
202060888
202060891
202060920
202060943
202060986
202060995
202060999
202061001
202061013
202061020
202061034
202061065
202061102
202061127
202061129
202061132
202061137
202061143
202061144
202061162
202061199
202061239
202061250
202061251
202061255
202061263
202061315
202061316
202061318
202061321
202061329
202061363
202061743
202061771
202061772
202061773
202061774
202061775
202061786
202061789
202061790
202061791
202061794
202061795
202061797
202061798
202061804
202061806
202061807
202062048
202062054
202062082
202062093
202062129
202062136
202062172
202062202
202062204
202062229
202062356
202062463
202062476
202062512
202062582
202062603
202062604
202062634
202062635
202062640
202062769
202063098
202063298
202063308
202063740
202063858
202063916
202064072
202064088
202064101
202064110
202064142
202064143
202064158
202064161
202064165
202064200
202064212
202064218
202064251
202064269
202064293
202064298
202064353
202064472
202064550
202064584
202064619
202064620
202064622
202064623
202064624
202064633
202064638
202064641
202064656
202064659
202064683
202064700
202064729
202064732
202064759
202064763
202064787
202064788
202064842
202064867
202064872
202064880
202064883
202064894
202064898
202064932
202064938
202064941
202064942
202064943
202064947
202064966
202065012
202065014
202065018
202065021
202065024
202065025
202065026
202065027
202065033
202065039
202065115
202065116
202065117
202065118
202065119
202065121
202065122
202065123
202065124
202065125
202065126
202065127
202065128
202065129
202065130
202065131
202065132
202065133
202065134
202065135
202065136
202065137
202065147
202065155
202065157
202065158
202065159
202065160
202065161
202065162
202065163
202065164
202065165
202065169
202065170
202065197
202065206
202065207
202065208
202065209
202065213
202065216
202065230
202065239
202065250
202065254
202065255
202065259
202065261
202065264
202065268
202065269
202065270
202065272
202065273
202065274
202065278
202065279
202065283
202065284
202065293
202065297
202065298
202065304
202065307
202065311
202065312
202065314
202065322
202065323
202065326
202065337
202065354
202065357
202065377
202065529
202065775
202065799
202065800
202065805
202065807
202065808
202065809
202065810
202065813
202065814
202065815
202065820
202065824
202065826
202065827
202065828
202065830
202065831
202065834
202065836
202065837
202065840
202065841
202065845
202065846
202065849
202065850
202065852
202065853
202065854
202065855
202065856
202065858
202065859
202065861
202065862
202065863
202065864
202065865
202065869
202065870
202065871
202065874
202065875
202065876
202065878
202065879
202065880
202065881
202065884
202065886
202065890
202065891
202065892
202065893
202065894
202065896
202065899
202065901
202065903
202065905
202065907
202065908
202065910
202065912
202065914
202065916
202065918
202065920
202065922
202065925
202065928
202065929
202065930
202065935
202065938
202065939
202065942
202065946
202065947
202065948
202065949
202065950
202065951
202065953
202065954
202065958
202065960
202065962
202065963
202065964
202065966
202065968
202065969
202065971
202065973
202065974
202065975
202065980
202065981
202065987
202065990
202065991
202065992
202065994
202065995
202065996
202065997
202065999
202066002
202066003
202066005
202066006
202066007
202066008
202066012
202066013
202066014
202066015
202066016
202066017
202066019
202066020
202066025
202066027
202066028
202066029
202066030
202066034
202066036
202066037
202066038
202066039
202066042
202066045
202066048
202066051
202066052
202066054
202066055
202066057
202066060
202066063
202066064
202066069
202066071
202066073
202066074
202066075
202066077
202066078
202066081
202066083
202066084
202066085
202066087
202066091
202066092
202066098
202066099
202066100
202066102
202066103
202066106
202066107
202066108
202066109
202066111
202066113
202066115
202066116
202066117
202066118
202066120
202066122
202066124
202066127
202066128
202066129
202066130
202066131
202066135
202066136
202066141
202066145
202066146
202066148
202066149
202066151
202066152
202066153
202066154
202066157
202066159
202066160
202066161
202066162
202066164
202066166
202066167
202066168
202066185
202066186
202066199
202066207
202066211
202066212
202066227
202066233
202066239
202066241
202066246
202066257
202066258
202066263
202066264
202066275
202066309
202066337
202066343
202066346
202066358
202066379
202066389
202066396
202066397
202066408
202066447
202066462
202066466
202066485
202066487
202066512
202066520
202066523
202066535
202066537
202066594
202066612
202066622
202066631
202066665
202066671
202066675
202066680
202066687
202066693
202066702
202066710
202066721
202066738
202066763
202066770
202066801
202066827
202066832
202066835
202066854
202066859
202066867
202066898
202066899
202066910
202066923
202066931
202066946
202066977
202066986
202066994
202067015
202067021
202067035
202067054
202067055
202067064
202067092
202067101
202067106
202067111
202067112
202067114
202067125
202067140
202067158
202067162
202067167
202067201
202067208
202067214
202067235
202067241
202067245
202067257
202067259
202067268
202067279
202067280
202067285
202067291
202067297
202067306
202067310
202067318
202067320
202067337
202067338
202067342
202067344
202067347
202067360
202067366
202067375
202067377
202067380
202067392
202067400
202067414
202067417
202067427
202067439
202067441
202067445
202067447
202067461
202067469
202067476
202067487
202067496
202067509
202067513
202067514
202067516
202067520
202067522
202067525
202067543
202067546
202067563
202067570
202067579
202067585
202067589
202067611
202067620
202067624
202067631
202067634
202067637
202067648
202067651
202067657
202067668
202067681
202067683
202067690
202067691
202067692
202067696
202067699
202067700
202067702
202067703
202067704
202067706
202067707
202067708
202067709
202067711
202067712
202067713
202067715
202067716
202067717
202067720
202067721
202067723
202067724
202067725
202067727
202067728
202067730
202067738
202067741
202067742
202067744
202067746
202067749
202067755
202067770
202067777
202067779
202067781
202067785
202067795
202067796
202067803
202067806
202067808
202067816
202067817
202067823
202067826
202067830
202067834
202067835
202067836
202067837
202067845
202067846
202067849
202067850
202067851
202067854
202067855
202067856
202067861
202067862
202067863
202067867
202067868
202067876
202067880
202067891
202067893
202067894
202067897
202067899
202067900
202067901
202067903
202067904
202067906
202067908
202067909
202067915
202067916
202067920
202067922
202067923
202067924
202067929
202067932
202067935
202067936
202067937
202067938
202067939
202067947
202067954
202067957
202067959
202067968
202067969
202067972
202067973
202067981
202067984
202067986
202067992
202067993
202067996
202067997
202067998
202067999
202068000
202068002
202068003
202068004
202068006
202068012
202068014
202068017
202068018
202068028
202068029
202068032
202068039
202068042
202068043
202068048
202068049
202068052
202068057
202068059
202068064
202068066
202068067
202068068
202068072
202068073
202068074
202068077
202068080
202068085
202068086
202068090
202068091
202068092
202068094
202068097
202068103
202068105
202068106
202068111
202068112
202068113
202068117
202068125
202068131
202068133
202068134
202068139
202068141
202068146
202068149
202068151
202068153
202068154
202068156
202068159
202068160
202068162
202068165
202068168
202068169
202068174
202068177
202068178
202068183
202068184
202068187
202068194
202068195
202068198
202068199
202068203
202068213
202068220
202068225
202068231
202068232
202068235
202068236
202068244
202068245
202068246
202068248
202068250
202068258
202068269
202068274
202068276
202068284
202068289
202068298
202068299
202068300
202068306
202068308
202068316
202068317
202068327
202068329
202068332
202068336
202068337
202068340
202068341
202068346
202068353
202068354
202068355
202068359
202068360
202068365
202068368
202068369
202068372
202068373
202068375
202068378
202068381
202068388
202068391
202068392
202068394
202068395
202068403
202068406
202068408
202068409
202068415
202068420
202068422
202068426
202068430
202068432
202068433
202068441
202068442
202068443
202068446
202068448
202068450
202068455
202068457
202068459
202068460
202068466
202068470
202068472
202068476
202068482
202068485
202068488
202068490
202068503
202068504
202068506
202068508
202068509
202068518
202068521
202068531
202068540
202068548
202068557
202068562
202068570
202068572
202068579
202068584
202068586
202068588
202068589
202068590
202068591
202068592
202068595
202068607
202068614
202068616
202068618
202068629
202068632
202068635
202068642
202068647
202068651
202068652
202068691
202068692
202068694
202068696
202068701
202068715
202068725
202068742
202068770
202068777
202068781
202068791
202068794
202068800
202068802
202068804
202068805
202068808
202068818
202068825
202068827
202068830
202070164
202070171
202070174
202070180
202070192
202070193
202070201
202070205
202070208
202070212
202070215
202070216
202070217
202070230
202070258
202070264
202070273
202070274
202070275
202070319
202070325
202070344
202070352
202070361
202070365
202070376
202070390
202070393
202070394
202070395
202070396
202070411
202070414
202071299
202071301
202071307
202071374
202071383
202071387
202071399
202071401
202071406
202071440
202071443
202071445
202071446
202071448
202071450
202071457
202071465
202071466
202071476
202071524
202071525
202071536
202071559
202071607
202071681
202071686
202071690
202071707
202071740
202071750
202071765
202071769
202071782
202071805
202071807
202071817
202071831
202071849
202071855
202071858
202071860
202071877
202071881
202071886
202071887
202071897
202071903
202071912
202071915
202071929
202071944
202071975
202072011
202072047
202072085
202072161
202072166
202072190
202072191
202072198
202072216
202072221
202072247
202072261
202072267
202072277
202072291
202072331
202072355
202072356
202072423
202072437
202072465
202072466
202072491
202072494
202072503
202072506
202072507
202072524
202072529
202072536
202072538
202072552
202072555
202072558
202072561
202072576
202072579
202072590
202072595
202072598
202072603
202072609
202072611
202072621
202072632
202072639
202072653
202072654
202072656
202072668
202072671
202072679
202072680
202072685
202072701
202072703
202072712
202072717
202072719
202072727
202072739
202072745
202072747
202072765
202072769
202072780
202072783
202072787
202072790
202072797
202072808
202072816
202072818
202072825
202072827
202072835
202072843
202072847
202072850
202072855
202072860
202072869
202072878
202072879
202072893
202072894
202072897
202072898
202072904
202072907
202072913
202072926
202072947
202073026
202073099
202073136
202073372
202073381
202073441
202073444
202073446
202073447
202073466
202073469
202073473
202073476
202073479
202073528
202074356
202074358
202074359
202074361
202074363
202074372
202074373
202074375
202074377
202074378
202074382
202074385
202074397
202074401
202074402
202074405
202074407
202074408
202074413
202074414
202074418
202074419
202074421
202074423
202074427
202074430
202074433
202074437
202074440
202074443
202074444
202074451
202074474
202074478
202074481
202074484
202074508
202074515
202074516
202074517
202074520
202074523
202074525
202074534
202074538
202074545
202074547
202074551
202074558
202074574
202074589
202074599
202074600
202074603
202074606
202074616
202074620
202074632
202074636
202074640
202074642
202074651
202074658
202074659
202074661
202074665
202074668
202074669
202074674
202074688
202074697
202074704
202074719
202074729
202074741
202074742
202074751
202074757
202074758
202074761
202074766
202074772
202074773
202074774
202074779
202074781
202074785
202074786
202074798
202074805
202074807
202074812
202074817
202074833
202074917
202074960
202081038
202081039
202081040
202081042
202081049
202081050
202081065
202081080
202081089
202081105
202081106
202081110
202081120
202081122
202081131
202081132
202081140
202081142
202081144
202081145
202081150
202081151
202081153
202081163
202081180
202081183
202081186
202081201
202081218
202081226
202081233
202081239
202081249
202081251
202081252
202081257
202081258
202081259
202081263
202081264
202081270
202081271
202081280
202081281
202081287
202081296
202081307
202081313
202081315
202081331
202081332
202081335
202081345
202081359
202081361
202081367
202081372
202081374
202081376
202081377
202081383
202081389
202081390
202081393
202081397
202081398
202081409
202081420
202081423
202081426
202081440
202081441
202081442
202081443
202081455
202081458
202081464
202081475
202081483
202081490
202081495
202081496
202081497
202081501
202081507
202081515
202081516
202081525
202081526
202081530
202081531
202081532
202081537
202081543
202081546
202081551
202081553
202081555
202081559
202081566
202081567
202081580
202081586
202081587
202081590
202081597
202081603
202081605
202081609
202081617
202081623
202081629
202081642
202081643
202081644
202081646
202081654
202081655
202081657
202081660
202081661
202081665
202081666
202081676
202081677
202081682
202081687
202081691
202081696
202081704
202081718
202081731
202081732
202081743
202081744
202081755
202081757
202081761
202081769
202081772
202081773
202081779
202081788
202081791
202081792
202081797
202081799
202081805
202081809
202081810
202081827
202081834
202081837
202081857
202081888
202081893
202081901
202081906
202081943
202081949
202081969
202081971
202081984
202081985
202082039
202082081
202082084
202082115
202082150
202082159
202082174
202082195
202082337
202082345
202083014
202083038
202083051
202083069
202083071
202083086
202083091
202083097
202083102
202083110
202083138
202083143
202083155
202083159
202083163
202083172
202083178
202083181
202083203
202083205
202083219
202083224
202083228
202083247
202083257
202083260
202083267
202083274
202083281
202083288
202083293
202083294
202083300
202083311
202083312
202083322
202083330
202083332
202083377
202083383
202083394
202083397
202083405
202083420
202083428
202083443
202083445
202083450
202083451
202083457
202083458
202083480
202083481
202083491
202083492
202083500
202083509
202083521
202083533
202083541
202083553
202083558
202083587
202083589
202083590
202083602
202083606
202083621
202083637
202083647
202083649
202083679
202083687
202083705
202083713
202083723
202083732
202083734
202083738
202083740
202083743
202083746
202083750
202083758
202083762
202083763
202083767
202083775
202083777
202083805
202083810
202083828
202083843
202083852
202083855
202083861
202083866
202083880
202083887
202083893
202083895
202083898
202083901
202083904
202083915
202083917
202083927
202083930
202083933
202083941
202083955
202083956
202083957
202083961
202083963
202083978
202083988
202083990
202083995
202084005
202084014
202084018
202084019
202084030
202084034
202084042
202084044
202084053
202084058
202084063
202084075
202084077
202084081
202084083
202084089
202084093
202084094
202084114
202084115
202084117
202084125
202084137
202084155
202084156
202084160
202084162
202084174
202084181
202084184
202084187
202084188
202084202
202084212
202084228
202084234
202084243
202084248
202084256
202084263
202084264
202084273
202084280
202084285
202084295
202084303
202084304
202084317
202084323
202084327
202084332
202084337
202084341
202084342
202084343
202084352
202084354
202084359
202084360
202084374
202084378
202084380
202084386
202084424
202084426
202084427
202084433
202084435
202084436
202084441
202084443
202084451
202084453
202084465
202084469
202084485
202084495
202084508
202084518
202084539
202084543
202084552
202084555
202084559
202084566
202084567
202084568
202084570
202084577
202084579
202084582
202084583
202084610
202084613
202084623
202084625
202084628
202084630
202084640
202084641
202084644
202084646
202084653
202084658
202084659
202084664
202084668
202084670
202084674
202084675
202084677
202084678
202084686
202084692
202084693
202084694
202084699
202084707
202084709
202084713
202084715
202084716
202084727
202084742
202084743
202084745
202084746
202084751
202084767
202084770
202084774
202084777
202084778
202084782
202084789
202084793
202084806
202084807
202084822
202084831
202084835
202084840
202084848
202084851
202084853
202084855
202084863
202084865
202084867
202084872
202084879
202084884
202084885
202084887
202084890
202084891
202084894
202084906
202084908
202084910
202084915
202084919
202084922
202084923
202084924
202084927
202084934
202084937
202084939
202084944
202084946
202084949
202084953
202084954
202084970
202084971
202084978
202084981
202084983
202084985
202084988
202084990
202084993
202084994
202085002
202085011
202085016
202085018
202085020
202085035
202085042
202085047
202085049
202085050
202085059
202085075
202085081
202085102
202085104
202085105
202085110
202085113
202085122
202085127
202085134
202085140
202085143
202085144
202085146
202085156
202085157
202085174
202085184
202085190
202085195
202085197
202085199
202085204
202085205
202085210
202085212
202085213
202085221
202085229
202085248
202085254
202085255
202085268
202085270
202085273
202085276
202085278
202085281
202085285
202085286
202085289
202085303
202085305
202085309
202085317
202085320
202085337
202085340
202085343
202085350
202085360
202085361
202085363
202085365
202085366
202085368
202085369
202085371
202085374
202085375
202085380
202085382
202085386
202085390
202085392
202085401
202085414
202085415
202085422
202085431
202085435
202085438
202085441
202085444
202085451
202085453
202085460
202085466
202085471
202085479
202085488
202085491
202085496
202085497
202085503
202085510
202085511
202085524
202085530
202085533
202085539
202085545
202085551
202085553
202085569
202085573
202085574
202085580
202085589
202085596
202085601
202085604
202085605
202085607
202085623
202085625
202085626
202085634
202085637
202085639
202085640
202085655
202085656
202085657
202085659
202085660
202085662
202085664
202085668
202085675
202085679
202085694
202085696
202085698
202085701
202085708
202085709
202085715
202085719
202085723
202085724
202085730
202085733
202085735
202085746
202085750
202085765
202085769
202085770
202085771
202085773
202085775
202085779
202085780
202085781
202085788
202085793
202085795
202085800
202085815
202085822
202085828
202085829
202085831
202085833
202085834
202085840
202085841
202085842
202085843
202085844
202085852
202085854
202085863
202085867
202085872
202085881
202085920
202085926
202085933
202085964
202085966
202085975
202085978
202085981
202085994
202085997
202086007
202086029
202086035
202086045
202086047
202086050
202086059
202086060
202086061
202086065
202086069
202086070
202086077
202086082
202086085
202086091
202086097
202086111
202086121
202086125
202086127
202086130
202086137
202086138
202086155
202086157
202086158
202086162
202086181
202086182
202086183
202086189
202086192
202086197
202086201
202086202
202086214
202086224
202086244
202086250
202086255
202086261
202086268
202086282
202086285
202086297
202086299
202086306
202086312
202086316
202086319
202086322
202086333
202086337
202086340
202086363
202086379
202086385
202086390
202086392
202086394
202086397
202086402
202086403
202086406
202086420
202086427
202086439
202086445
202086455
202086459
202086460
202086464
202086466
202086469
202086470
202086472
202086492
202086496
202086499
202086500
202086510
202086518
202086537
202086540
202086546
202086554
202086564
202086567
202086571
202086583
202086590
202086592
202086595
202086601
202086606
202086620
202086621
202086646
202086647
202086654
202086656
202086684
202086691
202086693
202086694
202086698
202086720
202086722
202086728
202086735
202086742
202086743
202086744
202086746
202086747
202086753
202086757
202086766
202086770
202086774
202086775
202086787
202086788
202086789
202086792
202086810
202086813
202086836
202086920
202086932
202086943
202086944
202086946
202086948
202086949
202086950
202086951
202086962
202086963
202086971
202086981
202086985
202086996
202087001
202087002
202087003
202087012
202087017
202087024
202087026
202087036
202087038
202087047
202087053
202087075
202087090
202087096
202087098
202087099
202087101
202087107
202087111
202087124
202087128
202087130
202087132
202087135
202087142
202087146
202087153
202087154
202087158
202087160
202087199
202087247
202087249
202087250
202087251
202087256
202087266
202087279
202087286
202087288
202087316
202087327
202087337
202087341
202087343
202087349
202087362
202087367
202087382
202087385
202087407
202087421
202087422
202087423
202087427
202087436
202087438
202087448
202087449
202087450
202087459
202087467
202087469
202087486
202087494
202087501
202087503
202087506
202087515
202087516
202087521
202087522
202087525
202087541
202087547
202087557
202087559
202087577
202087578
202087580
202087582
202087584
202087592
202087593
202087596
202087600
202087601
202087607
202087613
202087618
202087628
202087639
202087649
202087659
202087670
202087682
202087692
202087715
202087742
202087769
202087777
202087792
202087818
202087829
202087832
202087841
202087876
202087885
202087887
202087896
202087898
202087912
202087923
202087927
202087928
202087959
202087965
202087969
202087974
202087982
202087983
202087993
202088001
202088003
202088004
202088011
202088020
202088022
202088034
202088045
202088050
202088056
202088057
202088064
202088072
202088080
202088082
202088086
202088088
202088089
202088091
202088098
202088117
202088124
202088138
202088140
202088142
202088145
202088146
202088156
202088157
202088158
202088166
202088177
202088182
202088189
202088197
202088199
202088203
202088210
202088214
202088231
202088237
202088239
202088262
202088267
202088271
202088272
202088288
202088307
202088309
202088310
202088313
202088318
202088327
202088333
202088338
202088339
202088340
202088343
202088356
202088370
202088374
202088377
202088381
202088403
202088406
202088411
202088412
202088421
202088432
202088454
202088467
202088481
202088483
202088489
202088494
202088507
202088524
202088550
202088555
202088569
202088579
202088582
202088585
202088587
202088605
202088629
202088649
202088683
202088704
202088715
202088716
202088728
202088739
202088745
202088751
202088754
202088766
202088776
202088777
202088806
202088814
202088835
202088836
202088837
202088842
202088845
202088846
202088861
202088866
202088867
202088876
202088878
202088891
202088894
202088897
202088905
202088906
202088923
202088926
202088938
202088943
202088946
202088950
202088954
202088968
202088969
202088976
202088985
202088986
202088988
202088994
202089003
202089006
202089009
202089012
202089029
202089038
202089043
202089046
202089054
202089055
202089059
202089068
202089069
202089070
202089073
202089075
202089078
202089084
202089098
202089101
202089106
202089118
202089130
202089161
202089162
202089178
202089194
202089199
202089230
202089235
202089251
202089256
202089263
202089266
202089304
202089345
202089366
202089368
202089371
202089376
202089378
202089379
202089399
202089403
202089413
202089420
202089422
202089426
202089428
202089441
202089445
202089465
202089474
202089477
202089478
202089479
202089483
202089485
202089505
202089512
202089515
202089527
202089534
202089535
202089538
202089544
202089559
202089567
202089584
202089597
202089598
202089603
202089626
202089627
202089638
202089640
202089643
202089652
202089657
202089658
202089663
202089676
202089677
202089684
202089686
202089692
202089697
202089712
202089720
202089727
202089730
202089744
202089745
202089762
202089767
202089769
202089780
202089786
202089799
202089804
202089805
202089806
202089811
202089819
202089827
202089839
202089852
202089854
202089859
202089875
202089908
202089910
202089926
202089940
202089941
202089948
202089967
202089983
202089986
202089995
202090001
202090002
202090011
202090070
202090080
202090084
202090091
202090092
202090096
202090099
202090100
202090109
202090111
202090117
202090126
202090127
202090134
202090141
202090145
202090176
202090178
202090184
202090204
202090211
202090218
202090232
202090237
202090245
202090249
202090251
202090269
202090289
202090291
202090296
202090298
202090305
202090315
202090320
202090327
202090339
202090340
202090345
202090348
202090355
202090369
202090378
202090386
202090391
202090394
202090401
202090406
202090408
202090410
202090420
202090423
202090426
202090428
202090431
202090438
202090445
202090447
202090448
202090451
202090452
202090459
202090492
202090494
202090498
202090499
202090506
202090511
202090518
202090524
202090525
202090530
202090531
202090541
202090563
202090573
202090574
202090576
202090588
202090598
202090603
202090607
202090626
202090631
202090635
202090638
202090649
202090659
202090693
202090698
202090700
202090725
202090749
202090776
202090788
202090795
202090796
202090880
202090884
202090893
202090904
202090905
202090913
202090914
202090930
202090933
202090938
202090946
202090947
202090961
202090962
202090963
202090969
202090981
202090982
202090988
202090990
202090993
202091005
202091017
202091018
202091042
202091044
202091066
202091067
202091068
202091075
202091082
202091087
202091088
202091092
202091096
202091103
202091118
202091121
202091122
202091128
202091130
202091131
202091141
202091146
202091158
202091161
202091164
202091176
202091180
202091184
202091204
202091207
202091209
202091213
202091214
202091219
202091221
202091224
202091233
202091244
202091251
202091252
202091254
202091262
202091272
202091276
202091281
202091282
202091292
202091298
202091300
202091303
202091308
202091309
202091329
202091333
202091337
202091358
202091362
202091363
202091366
202091370
202091375
202091383
202091385
202091392
202091394
202091404
202091426
202091448
202091467
202091488
202091489
202091492
202091510
202091511
202091512
202091530
202091550
202091618
202091663
202091673
202091692
202091697
202091698
202091702
202091712
202091715
202091725
202091726
202091728
202091732
202091733
202091734
202091740
202091768
202091777
202091786
202091794
202091798
202091800
202091812
202091816
202091825
202091831
202091837
202091847
202091848
202091855
202091868
202091882
202091889
202091905
202091925
202091934
202091950
202091952
202091953
202091959
202091961
202091969
202091974
202091990
202091999
202092003
202092013
202092015
202092017
202092023
202092025
202092026
202092028
202092035
202092049
202092051
202092091
202092097
202092099
202092102
202092106
202092107
202092113
202092118
202092121
202092122
202092127
202092137
202092139
202092141
202092143
202092157
202092170
202092175
202092179
202092186
202092190
202092209
202092217
202092233
202092238
202092252
202092257
202092261
202092262
202092278
202092281
202092282
202092285
202092321
202092364
202092375
202092394
202092411
202092427
202092470
202092472
202092477
202092489
202092490
202092502
202092544
202092548
202092554
202092557
202092560
202092565
202092568
202092582
202092586
202092599
202092601
202092605
202092610
202092612
202092617
202092621
202092629
202092639
202092662
202092666
202092670
202092675
202092686
202092692
202092698
202092704
202092708
202092712
202092717
202092719
202092720
202092728
202092733
202092734
202092735
202092742
202092744
202092745
202092749
202092753
202092758
202092759
202092763
202092764
202092775
202092776
202092780
202092782
202092789
202092791
202092792
202092803
202092804
202092810
202092812
202092840
202092844
202092847
202092848
202092852
202092853
202092865
202092879
202092880
202092892
202092912
202092915
202092932
202092943
202092945
202092957
202092980
202092988
202092995
202093002
202093011
202093015
202093025
202093027
202093039
202093041
202093042
202093047
202093049
202093054
202093055
202093067
202093099
202093103
202093154
202093163
202093181
202093190
202093210
202093219
202093228
202093247
202093254
202093303
202093312
202093323
202093336
202093345
202093346
202093348
202093350
202093352
202093366
202093392
202093401
202093402
202093403
202093414
202093418
202093430
202093431
202093441
202093454
202093455
202093465
202093476
202093479
202093489
202093494
202093502
202093505
202093511
202093516
202093520
202093541
202093543
202093550
202093551
202093554
202093558
202093568
202093575
202093594
202093610
202093614
202093626
202093639
202093640
202093646
202093649
202093659
202093660
202093662
202093664
202093667
202093676
202093680
202093688
202093691
202093694
202093697
202093716
202093719
202093729
202093730
202093731
202093737
202093738
202093755
202093757
202093821
202093825
202093846
202093876
202093902
202093904
202093906
202093913
202093920
202093938
202093943
202093975
202093998
202094014
202094016
202094025
202094029
202094032
202094036
202094041
202094047
202094068
202094087
202094094
202094095
202094100
202094114
202094130
202094132
202094159
202094162
202094177
202094183
202094185
202094186
202094187
202094190
202094193
202094195
202094200
202094205
202094221
202094222
202094225
202094233
202094240
202094264
202094292
202094326
202094333
202094374
202094375
202094378
202094396
202094411
202094414
202094476
202094520
202094521
202094522
202094523
202094530
202094534
202094539
202094545
202094546
202094551
202094568
202094580
202094589
202094591
202094597
202094600
202094620
202094627
202094631
202094636
202094649
202094651
202094662
202094689
202094691
202094693
202094698
202094699
202094701
202094706
202094725
202094726
202094735
202094742
202094745
202094746
202094751
202094760
202094774
202094776
202094779
202094782
202094783
202094792
202094797
202094801
202094802
202094820
202094833
202094842
202094844
202094847
202094850
202094858
202094864
202094881
202094885
202094898
202094914
202094924
202094925
202094926
202094928
202094935
202094941
202094952
202094957
202094959
202094960
202094962
202094966
202094973
202094986
202094987
202094990
202094994
202094997
202094998
202095000
202095015
202095027
202095032
202095034
202095039
202095040
202095041
202095048
202095050
202095052
202095059
202095060
202095071
202095074
202095079
202095101
202095111
202095114
202095120
202095166
202095200
202095249
202095274
202095279
202095290
202095341
202095346
202095355
202095373
202095377
202095380
202095384
202095394
202095403
202095412
202095431
202095434
202095437
202095441
202095453
202095458
202095469
202095472
202095473
202095475
202095484
202095502
202095506
202095516
202095532
202095535
202095553
202095564
202095565
202095568
202095590
202095591
202095596
202095601
202095607
202095609
202095612
202095615
202095618
202095624
202095625
202095628
202095640
202095658
202095671
202095680
202096734
202096905
202096911
202097202
202098133
202098176
202098201
202098796
202099534
202100433
202100975
202101315
202104524
202105721
202107919
202108518
202109364
202109524
202111089
202111634
202113117
202113592
202116371
202119415
202119665
202120526
202126834
202126836
202126837
202126839
202126854
202126856
202126871
202126997
202126999
202127012
202127013
202127014
202127024
202127027
202127030
202127036
202127044
202127046
202127052
202127065
202127069
202127074
202127080
202127084
202127089
202127093
202127095
202127096
202127099
202127101
202127102
202127106
202127109
202127112
202127122
202127123
202127125
202127138
202127141
202127142
202127147
202127156
202127157
202127163
202127165
202127172
202127175
202127176
202127182
202127185
202127190
202127191
202127197
202127199
202127210
202127212
202127214
202127217
202127218
202127223
202127224
202127226
202127227
202127228
202127229
202127230
202127236
202127238
202127240
202127242
202127244
202127248
202127250
202127252
202127254
202127255
202127256
202127260
202127262
202127270
202127273
202127275
202127279
202127286
202127287
202127295
202127299
202127300
202127302
202127304
202127311
202127312
202127313
202127319
202127325
202127326
202127330
202127332
202127335
202127339
202127341
202127345
202127352
202127354
202127357
202127358
202127360
202127363
202127366
202127375
202127377
202127381
202127383
202127384
202127385
202127386
202127387
202127388
202127392
202127395
202127396
202127397
202127400
202127403
202127406
202127407
202127409
202127411
202127413
202127420
202127421
202127422
202127424
202127427
202127429
202127432
202127433
202127437
202127441
202127443
202127450
202127456
202127457
202127462
202127465
202127470
202127485
202127487
202127490
202127496
202127497
202127500
202127501
202127523
202127526
202127529
202127532
202127533
202127534
202127538
202127546
202127547
202127549
202127555
202127558
202127560
202127565
202127583
202127584
202127586
202127593
202127597
202127599
202127607
202127614
202127622
202127623
202127630
202127635
202127637
202127638
202127645
202127650
202127659
202127662
202127666
202127669
202127674
202127683
202127684
202127687
202127690
202127692
202127695
202127696
202127697
202127699
202127703
202127704
202127706
202127708
202127713
202127714
202127716
202127718
202127720
202127722
202127723
202127724
202127727
202127729
202127734
202127743
202127745
202127746
202127749
202127751
202127755
202127757
202127758
202127760
202127762
202127765
202127768
202127770
202127771
202127772
202127773
202127774
202127775
202127776
202127778
202127780
202127782
202127784
202127786
202127789
202127790
202127792
202127795
202127798
202127799
202127804
202127806
202127810
202127811
202127815
202127816
202127818
202127819
202127820
202127821
202127822
202127825
202127828
202127834
202127837
202127843
202127846
202127850
202127851
202127856
202127860
202127861
202127862
202127865
202127867
202127872
202127877
202127878
202127880
202127882
202127885
202127886
202127887
202127888
202127889
202127890
202127891
202127896
202127903
202127908
202127909
202127911
202127914
202127916
202127917
202127918
202127919
202127920
202127923
202127924
202127925
202127927
202127932
202127933
202127935
202127938
202127941
202127944
202127946
202127948
202127949
202127953
202127956
202127965
202127966
202127967
202127969
202127970
202128067
202128150
202128170
202128501
202128548
202129704
202129741
202129811
202129860
202129871
202129874
202131779
202133531
202135061
202135068
202135082
202135091
202135097
202135098
202135104
202135106
202135111
202135112
202135117
202135118
202135126
202135128
202135134
202135136
202135149
202135152
202135154
202135157
202135164
202135177
202135183
202135184
202135186
202135187
202135191
202135192
202135193
202135196
202135197
202135198
202135208
202135210
202135219
202135220
202135224
202135236
202135239
202135242
202135248
202135252
202135259
202135262
202135264
202135267
202135270
202135689
202135698
202135706
202135708
202135714
202135715
202135716
202135717
202135724
202135725
202135726
202135735
202135737
202135738
202135739
202135740
202135741
202135742
202135751
202135755
202135756
202135757
202135760
202135767
202135768
202135769
202135770
202135771
202135772
202135774
202135777
202135779
202135780
202135781
202135787
202135789
202135790
202135794
202135795
202135797
202135798
202135799
202135800
202135804
202135805
202135806
202135808
202135809
202135811
202135813
202135814
202135815
202135816
202135817
202135818
202135822
202135823
202135826
202135827
202135828
202135829
202135830
202135831
202135832
202135833
202135835
202135836
202135838
202135840
202135841
202135844
202135846
202135852
202135853
202135857
202135858
202135859
202135864
202135865
202135867
202135868
202135872
202135873
202135874
202135875
202135876
202135878
202135879
202135889
202135893
202135895
202135896
202135902
202135904
202135906
202135907
202135908
202135909
202135910
202135913
202135914
202135915
202135917
202135918
202135920
202135921
202135922
202135926
202135928
202135929
202135930
202135931
202135932
202135933
202135934
202135937
202135938
202135939
202135940
202135941
202135945
202135946
202135947
202135948
202135949
202135950
202135952
202135953
202135954
202135955
202135956
202135959
202135960
202135961
202135963
202135967
202135968
202135969
202135972
202135974
202135975
202135976
202135977
202135978
202135980
202135981
202135982
202135983
202135984
202135987
202135991
202135994
202135995
202135997
202135998
202135999
202136000
202136002
202136003
202136004
202136005
202136007
202136008
202136009
202136015
202136016
202136017
202136018
202136019
202136020
202136022
202136023
202136024
202136025
202136026
202136029
202136030
202136031
202136035
202136036
202136037
202136038
202136039
202136042
202136044
202136046
202136057
202136067
202136074
202136075
202136076
202136077
202136094
202136102
202136111
202136112
202136117
202136118
202136119
202136126
202136128
202136129
202136130
202136131
202136141
202136142
202136144
202136146
202136150
202136151
202136153
202136154
202136163
202136164
202136165
202136171
202136174
202136175
202136178
202136181
202136183
202136184
202136185
202136188
202136191
202136192
202136194
202136195
202136197
202136199
202136200
202136201
202136202
202136205
202136206
202136208
202136211
202136212
202136213
202136214
202136216
202136217
202136218
202136219
202136225
202136228
202136419
202136422
202136433
202136434
202136439
202136441
202136443
202136447
202136452
202136460
202136464
202136473
202136477
202136478
202136480
202136482
202136939
202136942
202136944
202136951
202136952
202136953
202136955
202136956
202136963
202136965
202136967
202136968
202136973
202136975
202136979
202136981
202136984
202136989
202136991
202136995
202136997
202137009
202137017
202137020
202137028
202137034
202137035
202137036
202137042
202137044
202137051
202137058
202137068
202137075
202137076
202137120
202137135
202137137
202137140
202137141
202137147
202137154
202137159
202137168
202137169
202137174
202137177
202137182
202137183
202137189
202137194
202137196
202137199
202137200
202137205
202137208
202137209
202137210
202137211
202137217
202137218
202137223
202137225
202137229
202137230
202137232
202137236
202137243
202137247
202137248
202137257
202137264
202137267
202137268
202137269
202137276
202137278
202137285
202137287
202137288
202137289
202137294
202137295
202137296
202137300
202137303
202137306
202137309
202137314
202137318
202137323
202137325
202137329
202137333
202137350
202137354
202137358
202137360
202137361
202137363
202137374
202137375
202137379
202137380
202137382
202137384
202137385
202137389
202137394
202137395
202137396
202137397
202137398
202137404
202137405
202137407
202137415
202137417
202137420
202137421
202137424
202137427
202137430
202137431
202137436
202137437
202137438
202137439
202137446
202137457
202137458
202137459
202137463
202137464
202137465
202137469
202137470
202137471
202137472
202137473
202137474
202137475
202137477
202137480
202137481
202137484
202137485
202137489
202137490
202137492
202137497
202137500
202137501
202137508
202137510
202137511
202137512
202137514
202137516
202137517
202137518
202137522
202137527
202137530
202137536
202137539
202137540
202137542
202137544
202137545
202137546
202137547
202137548
202137549
202137551
202137553
202137560
202137561
202137562
202137563
202137566
202137568
202137569
202137576
202137579
202137581
202137582
202137583
202137584
202137587
202137596
202137600
202137601
202137602
202137606
202137607
202137608
202137610
202137617
202137619
202137621
202137622
202137623
202137625
202137626
202137627
202137629
202137634
202137635
202137637
202137642
202137643
202137644
202137645
202137648
202137650
202137651
202137652
202137656
202137658
202137659
202137660
202137661
202137667
202137672
202137673
202137674
202137675
202137676
202137677
202137680
202137681
202137682
202137683
202137684
202137689
202137690
202137691
202137692
202137694
202137696
202137697
202137698
202137703
202137704
202137705
202137707
202137708
202137709
202137710
202137712
202137713
202137714
202137716
202137718
202137721
202137722
202137723
202137725
202137730
202137731
202137733
202137734
202137735
202137736
202137738
202137740
202137746
202137747
202137749
202137750
202137751
202137753
202137754
202137761
202137766
202137769
202137770
202137772
202137773
202137775
202137776
202137782
202137784
202137785
202137786
202137789
202137790
202137791
202137793
202137794
202137801
202137804
202137805
202137806
202137807
202137811
202137814
202137816
202137817
202137820
202137821
202137822
202137826
202137832
202137841
202137842
202137846
202137847
202137848
202137868
202137869
202137872
202137883
202137884
202137889
202137899
202137900
202137901
202137903
202137907
202137908
202137910
202137913
202137917
202137918
202137922
202137925
202137928
202137930
202137931
202137933
202137934
202137935
202137946
202137947
202137948
202137950
202137953
202137954
202137955
202137957
202137959
202137960
202137961
202137962
202137963
202137966
202137967
202137968
202137970
202137971
202137973
202137975
202137978
202137979
202137982
202137984
202137988
202137990
202137991
202137992
202137993
202137994
202137995
202137996
202137997
202137998
202137999
202138000
202138007
202138008
202138009
202138011
202138012
202138016
202138019
202138023
202138026
202138028
202138033
202138037
202138040
202138041
202138042
202138053
202138054
202138055
202138061
202138066
202138092
202138108
202138111
202138123
202138127
202138137
202138143
202138146
202138154
202138157
202138162
202138164
202138166
202138173
202138176
202138179
202138180
202138181
202138184
202138186
202138187
202138192
202138200
202138207
202138231
202138237
202138244
202138247
202138260
202138266
202138284
202138307
202138311
202138317
202138318
202138319
202138335
202138337
202138339
202138340
202138346
202138347
202138354
202138365
202138373
202138374
202138376
202138387
202138396
202138403
202138434
202138441
202138463
202138470
202138747
202138753
202138754
202138755
202138756
202138758
202138761
202138773
202138775
202138777
202138785
202138793
202138794
202138795
202138796
202138800
202138801
202138806
202138808
202138809
202138810
202138814
202138819
202138822
202138827
202138828
202138837
202138838
202138839
202138841
202138842
202138853
202138862
202138864
202138865
202138866
202138867
202138874
202138875
202138881
202138883
202138891
202138892
202138911
202138912
202138920
202138921
202138939
202138940
202138965
202138970
202138972
202138983
202138986
202138987
202138988
202138996
202138997
202138998
202138999
202139006
202139007
202139008
202139012
202139013
202139015
202139017
202139027
202139028
202139029
202139037
202139038
202139039
202139048
202139054
202139055
202139058
202139064
202139065
202139067
202139074
202139075
202139080
202139081
202139082
202139083
202139094
202139099
202139100
202139110
202139118
202139119
202139126
202139127
202139128
202139135
202139136
202139148
202139149
202139150
202139163
202139169
202139170
202139183
202139184
202139185
202139186
202139190
202139191
202139193
202139194
202139195
202139196
202139203
202139204
202139205
202139219
202139221
202139222
202139227
202139228
202139229
202139231
202139240
202139242
202139244
202139246
202139248
202139252
202139253
202139255
202139256
202139257
202139259
202139261
202139263
202139269
202139270
202139274
202139277
202139278
202139279
202139282
202139285
202139289
202139297
202139298
202139304
202139305
202139306
202139307
202139311
202139312
202139321
202139322
202139323
202139325
202139326
202139328
202139333
202139334
202139342
202139347
202139348
202139579
202139580
202139583
202139584
202139585
202139586
202139589
202139591
202139592
202139593
202139598
202139599
202139602
202139603
202139604
202139609
202139610
202139614
202139616
202139618
202139619
202139620
202139625
202139627
202139634
202139637
202139640
202139642
202139649
202139651
202139666
202139668
202139670
202139675
202139676
202139689
202139691
202139693
202139694
202139696
202139701
202139703
202139704
202139710
202139712
202139713
202139716
202139718
202139721
202139722
202139723
202139726
202139727
202139729
202139730
202139731
202139734
202139735
202139736
202139741
202139745
202139749
202139750
202139753
202139754
202139759
202139761
202139764
202139766
202139768
202139770
202139771
202139778
202139780
202139783
202139788
202139790
202139792
202139878
202139884
202139888
202139889
202139898
202139903
202139905
202139907
202139912
202139918
202139924
202139927
202139931
202139932
202139934
202139937
202139950
202139957
202139966
202139978
202139986
202139989
202139994
202140002
202140003
202140059
202140094
