202059188
202059190
202059198
202059204
202059207
202059210
202059221
202059229
202059231
202059291
202059299
202059312
202059327
202059330
202059332
202059347
202059352
202059355
202059364
202059382
202059391
202059392
202059393
202059397
202059403
202059406
202059409
202059414
202059421
202059428
202059430
202059434
202059501
202059522
202059545
202059552
202059600
202059635
202059645
202059653
202059697
202059720
202059766
202060097
202060098
202060130
202060142
202060145
202060162
202060168
202060169
202060170
202060174
202060176
202060178
202060187
202060189
202060191
202060194
202060196
202060207
202060369
202060377
202060378
202060392
202060403
202060419
202060423
202060425
202060428
202060443
202060460
202060468
202060471
202060476
202060483
202060490
202060496
202060503
202060505
202060510
202060512
202060514
202060527
202060532
202060539
202060541
202060545
202060550
202060552
202060553
202060554
202060564
202060573
202060581
202060594
202060597
202060603
202060604
202060605
202060607
202060610
202060619
202060623
202060631
202060633
202060636
202060643
202060646
202060670
202060684
202060688
202060706
202060707
202060767
202060768
202060795
202060818
202060824
202060835
202060840
202060849
202060877
202060892
202060907
202060919
202060928
202060937
202060946
202060981
202061003
202061026
202061029
202061042
202061043
202061046
202061048
202061056
202061059
202061131
202061142
202061164
202061197
202061204
202061207
202061223
202061225
202061236
202061242
202061244
202061245
202061248
202061249
202061252
202061253
202061279
202061281
202061287
202061293
202061296
202061320
202061336
202061349
202061796
202061799
202061800
202061801
202061808
202061814
202061819
202062050
202062060
202062063
202062065
202062075
202062077
202062078
202062081
202062086
202062095
202062105
202062106
202062107
202062111
202062114
202062132
202062150
202062154
202062156
202062157
202062175
202062183
202062206
202062207
202062219
202062222
202062226
202062227
202062230
202062240
202062417
202062419
202062436
202062457
202062458
202062464
202062466
202062468
202062480
202062481
202062488
202062496
202062514
202062517
202062521
202062523
202062525
202062529
202062533
202062559
202062563
202062594
202062607
202062609
202062623
202062632
202062633
202063053
202063174
202063189
202063210
202063256
202063326
202063351
202063410
202063421
202063509
202063511
202063527
202063546
202063550
202063557
202063561
202063654
202063662
202063710
202063755
202063765
202063769
202063779
202063784
202063862
202063890
202063894
202063913
202063920
202063927
202063947
202064080
202064095
202064111
202064115
202064148
202064152
202064153
202064154
202064169
202064179
202064188
202064206
202064207
202064219
202064221
202064247
202064316
202064331
202064364
202064435
202064436
202064438
202064439
202064449
202064451
202064452
202064454
202064463
202064473
202064566
202064574
202065150
202065178
202065179
202065204
202065231
202065234
202065236
202065247
202065271
202065288
202065332
202065471
202065472
202065475
202065500
202065748
202065755
202065757
202065801
202065802
202065811
202065812
202065818
202065819
202065823
202065829
202065832
202065835
202065838
202065842
202065904
202065909
202065913
202065915
202065924
202065926
202065934
202065955
202065956
202065977
202065982
202065998
202066004
202066021
202066031
202066033
202066035
202066046
202066049
202066056
202066058
202066067
202066076
202066080
202066089
202066090
202066095
202066121
202066123
202066133
202066147
202066150
202066174
202066175
202066180
202066184
202066190
202066192
202066194
202066196
202066208
202066209
202066242
202066259
202066266
202066270
202066286
202066290
202066368
202066370
202066378
202066418
202066437
202066453
202066495
202066540
202066571
202066595
202066596
202066604
202066618
202066635
202066698
202066849
202066871
202066939
202066983
202066998
202067017
202067038
202067042
202067058
202067195
202067239
202067248
202067300
202067336
202067406
202067523
202067612
202067687
202067693
202067694
202067695
202067710
202067722
202067726
202067729
202067735
202067764
202067783
202067791
202067804
202067805
202067818
202067827
202067841
202067843
202067844
202067865
202067895
202067919
202067930
202067933
202067946
202067951
202067952
202067961
202067962
202067966
202067976
202067980
202067983
202068005
202068022
202068053
202068083
202068101
202068120
202068126
202068170
202068180
202068181
202068189
202068192
202068202
202068206
202068212
202068226
202068249
202068251
202068262
202068282
202068294
202068322
202068344
202068362
202068363
202068380
202068389
202068390
202068397
202068399
202068404
202068425
202068435
202068436
202068439
202068444
202068477
202068479
202068486
202068487
202068496
202068497
202068576
202068578
202068580
202068593
202068598
202068600
202068602
202068612
202068633
202068639
202068668
202068684
202068687
202068688
202068689
202068690
202068695
202068698
202068699
202068700
202068702
202068703
202068705
202068706
202068707
202068708
202068709
202068710
202068711
202068713
202068714
202068716
202068717
202068718
202068719
202068720
202068722
202068724
202068728
202068729
202068731
202068732
202068733
202068734
202068735
202068736
202068738
202068739
202068740
202068745
202068746
202068757
202068758
202068761
202068767
202068772
202068773
202068774
202068778
202068779
202068780
202068782
202068786
202068787
202068788
202068792
202068793
202068796
202068798
202068799
202068801
202068803
202068809
202068810
202068812
202068815
202068816
202068819
202068820
202068822
202068823
202068826
202068831
202068832
202068833
202068834
202070161
202070186
202070194
202070250
202070260
202070268
202070276
202070279
202070321
202070328
202070332
202070335
202070340
202070354
202070357
202070377
202070384
202070387
202071266
202071278
202071280
202071288
202071290
202071292
202071294
202071295
202071302
202071304
202071305
202071308
202071310
202071311
202071315
202071316
202071317
202071330
202071331
202071333
202071376
202071393
202071394
202071396
202071460
202071475
202071482
202071488
202071498
202071503
202071521
202071523
202071527
202071543
202071551
202071554
202071557
202071558
202071562
202071564
202071566
202071569
202071576
202071577
202071578
202071582
202071584
202071594
202071603
202071645
202071649
202071654
202071661
202071673
202071675
202071680
202071682
202071685
202071691
202071693
202071705
202071706
202071709
202071710
202071713
202071714
202071715
202071719
202071720
202071721
202071723
202071725
202071727
202071728
202071729
202071732
202071738
202071753
202071761
202071764
202071772
202071775
202071777
202071780
202071783
202071790
202071792
202071806
202071814
202071815
202071816
202071818
202071819
202071823
202071827
202071828
202071837
202071838
202071840
202071841
202071843
202071845
202071853
202071854
202071856
202071857
202071859
202071862
202071864
202071867
202071875
202071876
202071880
202071885
202071888
202071890
202071891
202071892
202071893
202071894
202071896
202071901
202071904
202071905
202071906
202071907
202071909
202071910
202071913
202071914
202071916
202071917
202071941
202071958
202071959
202071969
202071979
202071989
202071992
202071999
202072001
202072002
202072005
202072007
202072014
202072018
202072019
202072051
202072052
202072054
202072062
202072065
202072086
202072087
202072096
202072101
202072104
202072108
202072116
202072118
202072119
202072125
202072136
202072137
202072140
202072158
202072163
202072171
202072172
202072177
202072182
202072197
202072213
202072233
202072237
202072240
202072256
202072258
202072263
202072283
202072313
202072325
202072326
202072341
202072349
202072352
202072358
202072359
202072365
202072369
202072374
202072378
202072388
202072405
202072416
202072421
202072425
202072433
202072435
202072443
202072446
202072447
202072453
202072455
202072463
202072468
202072471
202072476
202072477
202072488
202072489
202072500
202072501
202072504
202072508
202072514
202072517
202072519
202072520
202072521
202072523
202072537
202072539
202072543
202072564
202072569
202072574
202072578
202072580
202072583
202072584
202072585
202072594
202072600
202072612
202072616
202072625
202072627
202072635
202072641
202072645
202072663
202072664
202072670
202072678
202072684
202072691
202072693
202072696
202072698
202072699
202072706
202072708
202072710
202072716
202072723
202072724
202072734
202072738
202072740
202072741
202072746
202072748
202072749
202072750
202072756
202072758
202072764
202072767
202072768
202072770
202072771
202072775
202072786
202072795
202072802
202072809
202072817
202072826
202072832
202072836
202072841
202072851
202072852
202072858
202072867
202072877
202072881
202072889
202072895
202072900
202072901
202072915
202072916
202072933
202072941
202072962
202072979
202072987
202073017
202073018
202073035
202073036
202073043
202073051
202073101
202073125
202073234
202073253
202073255
202073345
202073398
202073411
202073412
202073413
202073414
202073416
202073420
202073442
202073443
202074357
202074400
202074543
202074705
202074752
202074756
202081068
202081070
202081077
202081079
202081104
202081111
202081175
202081179
202081181
202081188
202081189
202081193
202081203
202081210
202081238
202081262
202081273
202081297
202081312
202081320
202081351
202081358
202081450
202081468
202081470
202081611
202081689
202081713
202081774
202081787
202083023
202083026
202083029
202083030
202083040
202083041
202083044
202083047
202083049
202083053
202083058
202083060
202083067
202083075
202083076
202083077
202083094
202083095
202083104
202083117
202083140
202083145
202083184
202083189
202083192
202083194
202083201
202083206
202083207
202083222
202083239
202083272
202083325
202083361
202083365
202083375
202083379
202083382
202083385
202083398
202083412
202083417
202083460
202083470
202083471
202083482
202083483
202083529
202083579
202083593
202083631
202083669
202083688
202083710
202083731
202083748
202083768
202083781
202083783
202083798
202083799
202083800
202083802
202083816
202083857
202083869
202083872
202083894
202083911
202083975
202083986
202084006
202084010
202084028
202084029
202084038
202084060
202084071
202084073
202084087
202084095
202084102
202084105
202084112
202084127
202084128
202084134
202084146
202084169
202084176
202084196
202084199
202084220
202084229
202084238
202084291
202084292
202084312
202084325
202084328
202084369
202084416
202084456
202084459
202084466
202084514
202084530
202084534
202084536
202084557
202084575
202084602
202084608
202084611
202084662
202084711
202084719
202084766
202084780
202084799
202084805
202084810
202084820
202084856
202084868
202084888
202084893
202084992
202085040
202085079
202085094
202085173
202085183
202085198
202085211
202085225
202085231
202085265
202085283
202085297
202085302
202085307
202085316
202085323
202085342
202085347
202085383
202085404
202085430
202085463
202085472
202085476
202085504
202085535
202085541
202085548
202085563
202085568
202085578
202085587
202085645
202085672
202085721
202085722
202085738
202085742
202085789
202085807
202085850
202085859
202085889
202085894
202085896
202085912
202085914
202085921
202085922
202085925
202085934
202085941
202085943
202085944
202085950
202085987
202085988
202086002
202086010
202086011
202086018
202086024
202086042
202086048
202086049
202086051
202086103
202086110
202086113
202086124
202086133
202086177
202086178
202086184
202086186
202086194
202086203
202086218
202086240
202086253
202086258
202086277
202086281
202086288
202086324
202086355
202086356
202086359
202086370
202086374
202086387
202086404
202086409
202086414
202086418
202086425
202086435
202086443
202086450
202086451
202086452
202086458
202086511
202086530
202086536
202086544
202086545
202086574
202086575
202086585
202086588
202086622
202086624
202086653
202086667
202086677
202086697
202086708
202086723
202086726
202086727
202086750
202086754
202086765
202086797
202086814
202086818
202086824
202086828
202086829
202086833
202086849
202086859
202086874
202086877
202086883
202086885
202086889
202086893
202086904
202086905
202086938
202086955
202086973
202086975
202086999
202087051
202087054
202087057
202087072
202087076
202087089
202087094
202087116
202087125
202087131
202087138
202087144
202087156
202087159
202087198
202087203
202087233
202087248
202087253
202087257
202087263
202087265
202087270
202087272
202087274
202087278
202087283
202087285
202087290
202087296
202087307
202087308
202087317
202087321
202087329
202087331
202087335
202087336
202087338
202087346
202087347
202087348
202087371
202087399
202087401
202087405
202087426
202087430
202087454
202087465
202087476
202087477
202087478
202087479
202087487
202087498
202087508
202087511
202087512
202087536
202087538
202087552
202087572
202087576
202087589
202087591
202087598
202087611
202087614
202087615
202087631
202087663
202087666
202087668
202087678
202087681
202087703
202087705
202087719
202087721
202087724
202087726
202087740
202087764
202087765
202087767
202087770
202087782
202087812
202087814
202087831
202087833
202087836
202087847
202087851
202087861
202087866
202087872
202087875
202087891
202087902
202087907
202087910
202087913
202087926
202087937
202087939
202087953
202087955
202087966
202087972
202087986
202087988
202087990
202088000
202088009
202088029
202088040
202088043
202088049
202088055
202088059
202088062
202088066
202088076
202088083
202088092
202088095
202088099
202088103
202088104
202088107
202088110
202088165
202088172
202088185
202088192
202088195
202088212
202088240
202088245
202088250
202088263
202088268
202088289
202088291
202088312
202088314
202088323
202088337
202088350
202088351
202088355
202088428
202088429
202088437
202088445
202088460
202088463
202088466
202088475
202088479
202088488
202088490
202088496
202088502
202088510
202088512
202088526
202088528
202088537
202088542
202088553
202088577
202088583
202088584
202088588
202088591
202088592
202088597
202088609
202088621
202088626
202088630
202088632
202088638
202088644
202088646
202088647
202088658
202088663
202088665
202088674
202088675
202088698
202088702
202088708
202088720
202088729
202088732
202088733
202088735
202088746
202088759
202088782
202088786
202088794
202088803
202088809
202088810
202088830
202088833
202088852
202088864
202088871
202088882
202088898
202088899
202088911
202088912
202088919
202088922
202088924
202088936
202088973
202088979
202088980
202088984
202088987
202089018
202089023
202089042
202089050
202089060
202089064
202089081
202089088
202089093
202089105
202089119
202089121
202089122
202089141
202089148
202089150
202089157
202089180
202089182
202089186
202089195
202089201
202089207
202089208
202089210
202089216
202089233
202089237
202089239
202089248
202089252
202089253
202089257
202089259
202089273
202089276
202089282
202089296
202089301
202089303
202089305
202089314
202089318
202089320
202089338
202089348
202089350
202089361
202089362
202089365
202089367
202089383
202089384
202089388
202089397
202089408
202089409
202089411
202089414
202089423
202089433
202089438
202089451
202089453
202089458
202089475
202089487
202089492
202089496
202089497
202089499
202089504
202089554
202089560
202089566
202089592
202089594
202089624
202089637
202089650
202089664
202089681
202089682
202089683
202089687
202089722
202089736
202089753
202089756
202089758
202089761
202089776
202089787
202089802
202089818
202089820
202089822
202089826
202089829
202089831
202089847
202089853
202089861
202089866
202089871
202089881
202089886
202089901
202089905
202089907
202089911
202089914
202089921
202089925
202089928
202089934
202089939
202089945
202089950
202089953
202089960
202089968
202089981
202089984
202090003
202090007
202090008
202090030
202090038
202090045
202090052
202090054
202090059
202090066
202090076
202090086
202090089
202090105
202090107
202090108
202090116
202090119
202090120
202090121
202090129
202090152
202090155
202090179
202090187
202090198
202090213
202090238
202090239
202090258
202090282
202090286
202090306
202090321
202090323
202090326
202090344
202090353
202090362
202090363
202090375
202090440
202090450
202090473
202090476
202090477
202090487
202090500
202090508
202090513
202090532
202090542
202090548
202090549
202090562
202090571
202090606
202090625
202090628
202090634
202090637
202090641
202090645
202090661
202090664
202090668
202090674
202090677
202090688
202090695
202090708
202090712
202090715
202090716
202090717
202090720
202090723
202090732
202090735
202090737
202090751
202090754
202090755
202090757
202090758
202090759
202090762
202090773
202090790
202090791
202090797
202090802
202090804
202090806
202090814
202090819
202090836
202090842
202090846
202090848
202090852
202090853
202090858
202090861
202090867
202090875
202090887
202090888
202090907
202090911
202090916
202090919
202090921
202090925
202090927
202090936
202090941
202090951
202090954
202090973
202090985
202090995
202091006
202091027
202091029
202091038
202091039
202091053
202091062
202091071
202091077
202091099
202091117
202091154
202091162
202091167
202091179
202091188
202091220
202091229
202091231
202091240
202091274
202091280
202091285
202091295
202091299
202091313
202091318
202091335
202091339
202091350
202091354
202091379
202091388
202091400
202091405
202091406
202091412
202091419
202091422
202091423
202091424
202091427
202091428
202091435
202091437
202091441
202091442
202091461
202091462
202091478
202091481
202091482
202091487
202091495
202091497
202091498
202091504
202091505
202091507
202091509
202091519
202091527
202091528
202091533
202091534
202091536
202091546
202091549
202091551
202091555
202091556
202091567
202091583
202091593
202091594
202091603
202091604
202091617
202091664
202091665
202091666
202091667
202091670
202091686
202091701
202091711
202091723
202091738
202091749
202091770
202091773
202091775
202091791
202091797
202091820
202091821
202091823
202091839
202091846
202091867
202091869
202091874
202091883
202091886
202091890
202091907
202091921
202091923
202091924
202091929
202091941
202091966
202091977
202091989
202091995
202091998
202092014
202092021
202092024
202092041
202092070
202092110
202092129
202092145
202092149
202092152
202092153
202092178
202092206
202092213
202092216
202092245
202092248
202092271
202092274
202092280
202092284
202092325
202092330
202092332
202092334
202092339
202092362
202092370
202092378
202092391
202092399
202092404
202092406
202092426
202092433
202092434
202092443
202092445
202092446
202092454
202092456
202092460
202092464
202092465
202092475
202092481
202092484
202092488
202092496
202092500
202092511
202092521
202092524
202092531
202092533
202092546
202092547
202092551
202092552
202092566
202092569
202092588
202092590
202092591
202092596
202092608
202092619
202092623
202092634
202092652
202092657
202092658
202092661
202092673
202092680
202092683
202092691
202092696
202092722
202092723
202092748
202092770
202092783
202092788
202092798
202092807
202092816
202092818
202092862
202092872
202092874
202092883
202092899
202092900
202092940
202092949
202092964
202092991
202092997
202093007
202093020
202093034
202093035
202093036
202093038
202093045
202093056
202093072
202093076
202093077
202093078
202093080
202093086
202093098
202093104
202093107
202093113
202093118
202093124
202093137
202093145
202093153
202093155
202093161
202093167
202093171
202093172
202093173
202093175
202093178
202093182
202093220
202093221
202093224
202093226
202093227
202093230
202093239
202093260
202093261
202093262
202093266
202093268
202093278
202093297
202093299
202093307
202093315
202093319
202093320
202093334
202093341
202093343
202093347
202093370
202093380
202093393
202093396
202093427
202093451
202093470
202093483
202093492
202093503
202093517
202093518
202093532
202093535
202093536
202093549
202093553
202093601
202093603
202093605
202093608
202093611
202093628
202093645
202093665
202093679
202093681
202093700
202093705
202093707
202093710
202093741
202093752
202093766
202093779
202093791
202093795
202093801
202093803
202093806
202093808
202093812
202093815
202093818
202093824
202093828
202093833
202093834
202093850
202093855
202093859
202093860
202093862
202093866
202093867
202093873
202093875
202093896
202093900
202093903
202093908
202093921
202093932
202093946
202093947
202093950
202093958
202093967
202093973
202093979
202093983
202093995
202094002
202094004
202094011
202094020
202094037
202094046
202094051
202094055
202094058
202094066
202094084
202094090
202094091
202094106
202094112
202094116
202094118
202094128
202094129
202094147
202094170
202094172
202094173
202094174
202094178
202094179
202094202
202094203
202094211
202094212
202094224
202094228
202094239
202094242
202094259
202094266
202094282
202094286
202094291
202094293
202094294
202094295
202094298
202094300
202094301
202094306
202094312
202094328
202094332
202094339
202094345
202094355
202094356
202094366
202094377
202094379
202094390
202094409
202094431
202094439
202094448
202094450
202094457
202094464
202094465
202094471
202094473
202094474
202094480
202094490
202094491
202094494
202094502
202094509
202094513
202094516
202094525
202094535
202094544
202094556
202094571
202094577
202094586
202094590
202094609
202094615
202094616
202094617
202094638
202094655
202094659
202094663
202094667
202094672
202094675
202094682
202094688
202094708
202094716
202094721
202094723
202094731
202094734
202094740
202094748
202094777
202094780
202094798
202094803
202094809
202094811
202094815
202094819
202094849
202094855
202094868
202094869
202094873
202094883
202094891
202094896
202094899
202094918
202094933
202094934
202094936
202094942
202094947
202094954
202094955
202094964
202094972
202094984
202095005
202095019
202095030
202095046
202095081
202095082
202095088
202095097
202095104
202095105
202095115
202095128
202095131
202095133
202095140
202095141
202095146
202095147
202095149
202095150
202095152
202095154
202095165
202095196
202095197
202095206
202095207
202095221
202095234
202095250
202095251
202095253
202095254
202095255
202095265
202095273
202095283
202095284
202095291
202095295
202095301
202095304
202095308
202095311
202095314
202095320
202095321
202095325
202095342
202095343
202095344
202095348
202095371
202095374
202095375
202095376
202095390
202095393
202095399
202095407
202095408
202095418
202095430
202095436
202095442
202095452
202095461
202095467
202095483
202095485
202095505
202095520
202095537
202095572
202095577
202095582
202095588
202095599
202095604
202095608
202095641
202095642
202095657
202095659
202095661
202095667
202095696
202095702
202102928
202103729
202103739
202126823
202126829
202126841
202126849
202126853
202126884
202126998
202127048
202127064
202127155
202127167
202127184
202127246
202127249
202127257
202127265
202127274
202127281
202127303
202127310
202127321
202127327
202127344
202127382
202127390
202127393
202127401
202127414
202127417
202127419
202127428
202127430
202127434
202127439
202127447
202127452
202127458
202127495
202127520
202127539
202127719
202127730
202127737
202127739
202127750
202127752
202127796
202127805
202127841
202127845
202127859
202127931
202127939
202127950
202127955
202127959
202127964
202128467
202128692
202129047
202129585
202129640
202129644
202129685
202129700
202129878
202130358
202130395
202130856
202131202
202132246
202133459
202133676
202135067
202135083
202135135
202135185
202135243
202135254
202135709
202135765
202135788
202135793
202135810
202135824
202135885
202135897
202135901
202135903
202135911
202135927
202135985
202135990
202136045
202136059
202136060
202136063
202136084
202136087
202136124
202136145
202136156
202136162
202136166
202136172
202136180
202136182
202136187
202136203
202136436
202136451
202136459
202136465
202136469
202136471
202136961
202136974
202136976
202136977
202136994
202137019
202137030
202137050
202137100
202137107
202137118
202137136
202137201
202137216
202137220
202137227
202137242
202137253
202137254
202137261
202137282
202137284
202137286
202137302
202137304
202137345
202137351
202137387
202137412
202137451
202137466
202137487
202137495
202137496
202137499
202137503
202137519
202137520
202137543
202137550
202137558
202137565
202137580
202137588
202137592
202137599
202137605
202137630
202137638
202137639
202137646
202137653
202137662
202137664
202137668
202137686
202137687
202137702
202137719
202137739
202137741
202137744
202137752
202137755
202137762
202137764
202137768
202137774
202137781
202137788
202137797
202137825
202137827
202137829
202137831
202137833
202137838
202137861
202137871
202137891
202137904
202137914
202137919
202137939
202137942
202137943
202137944
202137945
202137949
202137964
202137972
202137976
202138004
202138013
202138024
202138032
202138044
202138062
202138068
202138074
202138106
202138116
202138131
202138134
202138136
202138142
202138159
202138163
202138167
202138210
202138211
202138236
202138252
202138283
202138287
202138303
202138314
202138325
202138326
202138334
202138351
202138380
202138438
202138440
202138748
202138772
202138776
202138792
202138840
202138854
202138938
202139018
202139026
202139056
202139057
202139088
202139093
202139097
202139109
202139125
202139151
202139230
202139235
202139236
202139272
202139327
202139590
202139611
202139613
202139622
202139624
202139631
202139633
202139705
202139706
202139711
202139715
202139737
202139740
202139756
202139762
202139769
202139773
202139776
202139797
202139801
202139802
202139803
202139811
202139879
202139882
202139885
202139892
202139893
202139896
202139901
202139913
202139914
202139922
202139940
202139979
202140007
202140012
202140013
