201152103
201156557
201177208
201218713
201228791
201238932
201280188
201335856
201353317
201356916
201365056
201378021
201408413
201411012
201443885
201444097
201472056
201513200
201543209
201549591
201564149
201565156
201577109
201602854
201607805
201622312
201626327
201647223
201654111
201675031
201682100
201689763
201716074
201719334
201736205
201739850
201739972
201740820
201741620
201741778
201760720
201765683
201791546
201795011
201800761
201801808
201822817
201824724
201831661
201832040
201834185
201848566
201850413
201858247
201870442
201900660
201910658
201913765
