201147132
201150492
201184655
201193506
201193666
201266727
201386961
201408204
201434565
201458798
201460467
201473612
201476362
201517854
201531578
201552030
201563411
201565728
201577017
201591867
201592061
201607088
201610811
201637354
201680569
201681411
201691826
201693750
201695625
201698669
201704541
201707086
201709727
201711881
201715262
201725399
201734988
201748195
201749821
201762815
201777342
201790080
201803365
201826968
201841278
201878595
201880016
201887751
201900461
201900519
201903318
201904174
201921381
201921596
201927024
201928270
201940505
201940767
