201121245
201122454
201124275
201126062
201126351
201127270
201127842
201129520
201129544
201130940
201131303
201131749
201131793
201132121
201132518
201133037
201133097
201133147
201133444
201133580
201133900
201134601
201134711
201134718
201134797
201135168
201135311
201135396
201135629
201135864
201135995
201136194
201136267
201136343
201137369
201137508
201137600
201138049
201138463
201138512
201138561
201138638
201138736
201138849
201139607
201140406
201140550
201140819
201141655
201142023
201142064
201142088
201142127
201142781
201143248
201143664
201143872
201144253
201144407
201144607
201145202
201145502
201145573
201145596
201145715
201146022
201146047
201146106
201146397
201146751
201146961
201147085
201147180
201147321
201147434
201147804
201148067
201148083
201148099
201148176
201148231
201148252
201148702
201148900
201149321
201149420
201149639
201149791
201150241
201150341
201150403
201150679
201151542
201151637
201152065
201152081
201152166
201152399
201152468
201152511
201152644
201152966
201153232
201153758
201153763
201153824
201153874
201153889
201154190
201154277
201154593
201154853
201154929
201154950
201155177
201155356
201155672
201155749
201155959
201156219
201156258
201156316
201156345
201156672
201156724
201156830
201156840
201156868
201156876
201157001
201157250
201157329
201157462
201157588
201157943
201158097
201158213
201158367
201158453
201158501
201158504
201158602
201158707
201158751
201158967
201159088
201159426
201159488
201159646
201159735
201159747
201159953
201160127
201160334
201160662
201160864
201160981
201161164
201161372
201161425
201161499
201161579
201161685
201161898
201162154
201162427
201162488
201162663
201162784
201163267
201163637
201164343
201164366
201164534
201164548
201164586
201164640
201165293
201165296
201165355
201165391
201165416
201165460
201165645
201165694
201165730
201165795
201165919
201166446
201166521
201166590
201166730
201166796
201166844
201167089
201167141
201167398
201167626
201167785
201167905
201168081
201168433
201168478
201168534
201168827
201168884
201168917
201169026
201169086
201169229
201169558
201169745
201169753
201169830
201169892
201169959
201170273
201170326
201170794
201170884
201170894
201170934
201171121
201171302
201171453
201171557
201171598
201172240
201172326
201172371
201172463
201172852
201173111
201173329
201173390
201173440
201173638
201173657
201173666
201173667
201173683
201173888
201173952
201173976
201174113
201174229
201174732
201174881
201175032
201175045
201175161
201175283
201175431
201175515
201175580
201175717
201175986
201176045
201176131
201176195
201176517
201177173
201177240
201177438
201177440
201177907
201178204
201178308
201178313
201178362
201178501
201178760
201178802
201179008
201179061
201179349
201179466
201179758
201180149
201180264
201180425
201180520
201180565
201180642
201180742
201181108
201181250
201181471
201181598
201182066
201182504
201182633
201182783
201182968
201183101
201183157
201183188
201183268
201183291
201183292
201183302
201183559
201183626
201183812
201184117
201184326
201184413
201184437
201184549
201184611
201184877
201184930
201185146
201185204
201185321
201185368
201185370
201185441
201185457
201185496
201185775
201186285
201186374
201186393
201186480
201186545
201186616
201186633
201186731
201186737
201187009
201187079
201187271
201187307
201187840
201188016
201188042
201188055
201188056
201188204
201188307
201188620
201188739
201188761
201188825
201188885
201189518
201189526
201189568
201189632
201189835
201189844
201189849
201189968
201189985
201190000
201190074
201190075
201190339
201190984
201191083
201191210
201191257
201191289
201191416
201191433
201191467
201191470
201191909
201192080
201192097
201192139
201192184
201192338
201192480
201193212
201193448
201193602
201193676
201193768
201193858
201193874
201193891
201193926
201194247
201194416
201194600
201194628
201194808
201195204
201195553
201195647
201195856
201195936
201196030
201196732
201196774
201196841
201196880
201197137
201197280
201197358
201197597
201197767
201197800
201197909
201198086
201199104
201199169
201199177
201199261
201199290
201199515
201199556
201200043
201200478
201200567
201200659
201200706
201200709
201201176
201201292
201201348
201201917
201202105
201202188
201202200
201202219
201202230
201202258
201202614
201202640
201202674
201202882
201203108
201203138
201203174
201203275
201203297
201203402
201203472
201203535
201203579
201203630
201203742
201203827
201203897
201203954
201203955
201204345
201204466
201204571
201204677
201204690
201204794
201204808
201205007
201205279
201205469
201205655
201205972
201206470
201206487
201206565
201206607
201206645
201206674
201206730
201206795
201206797
201206823
201206891
201207133
201207333
201207634
201207669
201207781
201207958
201208113
201208212
201208431
201208496
201208734
201208769
201208832
201209247
201209303
201209632
201209721
201209895
201210123
201210268
201210448
201210451
201210476
201210629
201210988
201211036
201211197
201211550
201211631
201211635
201211673
201211805
201212208
201212340
201212434
201212467
201212701
201212772
201212984
201213056
201213161
201213399
201213530
201213564
201213940
201213965
201214378
201214409
201214496
201214545
201214691
201214930
201215010
201215293
201215771
201215777
201215828
201216156
201216200
201216349
201216391
201216445
201216611
201216735
201216921
201217081
201217382
201218115
201218173
201218662
201218774
201218827
201219166
201219682
201219733
201220268
201220442
201220834
201220837
201221054
201221058
201221169
201221240
201221437
201221503
201221675
201221779
201222128
201222171
201222222
201223001
201223298
201223812
201223827
201224207
201224429
201224995
201225604
201226231
201226235
201226421
201226777
201226808
201226821
201227253
201227448
201227740
201228269
201228533
201228536
201228539
201228585
201228728
201228804
201229259
201229289
201229550
201229801
201230010
201230092
201230523
201230540
201230694
201230712
201230779
201231387
201231394
201231586
201231699
201231845
201232336
201232485
201232619
201232937
201233186
201233217
201233220
201233951
201234383
201234439
201234609
201234630
201234834
201235043
201235178
201235266
201235500
201235556
201235847
201235947
201236024
201236041
201236461
201236600
201236654
201236695
201236723
201236740
201236789
201237257
201237630
201237728
201237750
201237853
201237890
201237945
201238163
201238728
201238944
201239203
201239401
201239544
201239746
201239799
201240041
201240162
201240203
201240295
201240414
201240555
201240630
201240677
201241002
201241039
201241106
201241159
201241667
201241714
201241715
201241898
201242096
201242487
201242549
201242621
201243850
201244460
201244499
201244514
201244747
201244843
201245178
201245557
201245622
201245637
201245756
201245810
201245978
201246002
201246021
201246215
201246528
201246963
201246993
201247015
201247091
201247189
201247378
201247497
201247574
201247685
201247890
201248254
201248429
201248925
201248981
201249024
201249125
201249233
201249315
201249524
201249722
201249840
201249922
201250678
201250742
201251164
201251225
201251246
201251333
201251467
201251568
201251653
201252233
201252378
201252592
201252730
201252831
201253002
201253257
201253593
201253829
201254238
201254320
201254485
201254784
201254859
201254931
201255240
201255637
201255694
201255863
201255864
201256072
201256130
201256364
201256431
201256624
201256673
201256817
201256862
201256925
201257026
201257260
201257461
201257483
201257582
201257700
201257986
201258273
201258341
201258739
201258842
201259291
201259493
201259803
201259939
201260027
201260140
201260593
201260662
201260801
201261516
201262355
201262469
201262497
201262949
201263191
201263221
201263320
201263403
201263800
201263880
201263889
201263935
201264058
201264115
201264179
201264302
201264325
201264521
201264770
201265055
201265136
201265393
201265399
201265590
201265757
201266052
201266976
201266988
201267033
201267101
201267581
201267653
201268012
201268269
201268460
201268683
201268724
201268977
201269015
201269055
201269078
201269216
201269236
201269363
201269514
201269591
201269592
201269874
201269879
201269893
201270260
201270310
201270334
201270491
201270635
201270714
201270736
201271106
201271189
201271295
201271300
201271315
201272062
201272222
201272541
201272921
201272934
201272964
201272976
201272989
201272997
201273103
201273122
201273299
201273850
201273981
201273986
201274176
201274959
201275368
201275645
201275920
201276278
201276356
201276503
201276842
201277075
201277107
201277494
201277641
201277739
201277930
201277992
201277999
201278080
201278318
201278338
201278564
201279059
201279061
201279375
201279411
201280411
201280482
201280852
201280870
201281570
201282142
201282302
201282333
201282597
201283162
201283350
201283364
201283382
201283422
201283613
201283765
201284389
201285151
201285393
201285430
201285848
201286107
201286354
201286402
201286524
201286597
201286675
201287376
201287630
201287819
201287900
201288053
201288370
201288507
201288524
201289010
201289115
201289309
201289623
201290520
201291257
201291475
201291477
201292299
201292464
201292811
201293572
201294192
201294379
201294887
201295097
201295123
201295538
201295995
201296240
201296435
201296637
201296986
201297886
201298132
201298291
201298417
201298428
201298776
201299087
201299489
201299807
201299835
201300669
201300942
201301027
201303412
201303441
201303936
201304556
201304636
201305726
201305764
201305941
201306025
201306839
201307051
201307540
201307550
201307619
201307675
201308005
201308482
201308567
201309098
201309318
201310077
201310473
201310768
201311798
201313414
201314186
201314976
201315038
201315134
201315649
201316420
201317002
201317167
201318154
201318314
201318479
201318538
201318587
201318615
201318977
201319582
201319823
201320395
201320492
201320519
201320619
201320892
201321047
201321930
201322183
201322188
201322249
201322441
201322601
201323052
201323293
201323410
201323762
201324042
201324549
201325113
201325244
201326421
201326984
201327241
201327337
201327692
201328292
201328448
201328592
201329557
201329561
201329578
201329908
201330013
201330215
201330312
201330546
201330857
201331022
201331157
201331341
201331438
201331637
201331771
201331777
201332108
201332321
201332364
201332578
201332705
201333131
201333477
201333598
201333670
201333739
201333838
201334731
201334770
201335712
201336218
201336487
201336744
201336818
201337020
201337101
201337257
201337398
201337904
201337945
201338188
201338247
201338280
201338306
201338342
201338448
201338508
201338710
201338833
201338981
201339447
201339702
201339786
201340473
201340496
201340627
201340678
201340708
201340731
201341005
201341211
201342425
201342647
201342693
201342809
201343046
201343076
201343250
201343505
201343542
201343673
201343727
201343804
201344120
201344417
201345055
201345564
201345679
201345782
201346073
201346179
201346721
201346990
201346998
201347523
201347882
201347904
201348123
201348282
201348285
201348491
201348909
201349010
201349382
201349737
201349761
201350047
201350057
201350076
201350484
201351349
201351580
201351798
201351815
201351930
201352011
201352021
201352223
201352264
201352648
201352803
201353108
201353437
201353681
201353703
201353897
201354200
201354547
201354707
201354708
201354795
201354863
201355092
201355192
201355672
201355678
201355810
201355934
201355975
201356089
201356104
201356201
201356243
201356348
201356556
201356562
201356601
201356806
201357118
201357184
201357380
201357423
201357471
201357472
201357547
201357663
201357773
201357810
201358033
201358068
201358180
201358318
201358431
201358519
201359041
201359079
201359101
201359108
201359129
201359364
201359377
201359542
201359715
201359834
201360047
201360435
201360607
201360787
201361026
201361113
201361339
201361545
201362550
201362561
201362839
201363197
201363234
201363361
201363443
201363657
201363707
201364039
201364070
201364662
201364747
201364753
201364799
201364846
201365287
201365667
201365841
201366042
201366465
201366523
201366542
201366648
201366652
201366684
201366822
201366884
201366994
201366995
201367065
201367296
201367531
201367566
201367680
201368337
201369198
201369333
201369860
201369919
201370135
201370315
201370721
201371058
201371218
201371260
201371519
201371698
201371919
201372313
201372531
201372757
201372972
201373267
201373301
201373327
201373330
201373411
201373523
201373686
201373822
201374068
201374242
201374294
201374632
201374676
201374758
201375331
201375452
201375534
201375587
201375654
201376127
201376249
201376427
201376736
201376826
201377035
201377164
201377225
201377310
201377448
201377614
201377668
201377675
201377720
201377726
201378112
201378171
201378355
201378378
201378455
201378690
201378954
201378961
201378963
201379171
201379432
201379694
201379946
201380321
201380586
201380688
201380878
201381195
201381360
201381449
201381458
201381836
201381989
201382369
201382484
201382554
201382782
201382794
201382879
201383524
201383621
201383648
201383676
201383912
201384038
201384077
201384087
201384232
201384240
201384329
201384544
201384631
201384723
201384755
201385069
201385544
201385637
201385665
201386006
201386095
201386297
201386368
201386585
201386906
201386993
201387051
201387126
201387384
201387481
201387602
201387797
201387819
201387934
201387942
201387994
201388572
201388614
201388677
201388687
201389366
201389420
201389651
201389822
201390233
201390700
201390714
201390720
201390787
201390882
201391029
201391187
201391345
201391497
201391671
201391938
201392032
201392142
201392152
201392217
201392228
201392458
201392509
201392655
201393252
201393444
201393481
201393508
201393575
201393756
201393816
201394147
201394302
201394321
201394467
201394607
201394739
201394936
201394983
201395169
201395829
201395943
201396344
201396435
201396593
201396752
201397075
201397108
201397491
201397887
201397931
201398102
201398345
201398923
201399060
201399173
201399681
201399749
201400022
201400336
201400814
201402029
201402373
201402407
201403326
201403360
201403513
201403514
201403621
201403676
201403814
201403884
201404264
201404281
201404322
201405036
201405299
201405536
201407020
201407180
201407276
201407281
201407649
201407695
201407872
201408030
201408202
201408958
201409098
201409146
201409267
201409271
201409275
201409673
201409867
201409954
201410114
201410259
201410487
201410764
201410892
201411059
201411121
201411316
201411432
201411873
201412009
201412128
201412367
201412723
201412774
201412964
201413751
201414648
201414740
201414773
201414802
201414837
201415110
201415172
201415803
201416014
201416187
201416311
201416415
201416478
201416507
201416538
201416981
201417501
201417564
201417634
201418096
201418173
201418225
201418450
201418497
201418961
201419249
201419646
201420175
201420685
201420793
201420823
201421065
201421093
201421436
201421494
201421676
201422027
201422342
201422444
201422505
201422760
201422956
201423402
201423429
201423472
201423662
201423667
201423842
201423851
201424028
201424163
201424193
201424273
201424405
201424442
201424512
201424525
201424695
201425057
201425263
201425271
201425504
201425516
201425743
201425819
201426233
201426240
201426389
201426541
201426754
201426901
201427890
201428486
201428663
201428758
201428782
201428974
201430005
201430143
201430172
201430397
201430845
201431056
201431066
201431423
201431428
201431893
201431895
201432080
201432339
201432477
201432510
201433254
201433413
201433461
201433611
201433639
201433687
201433729
201433847
201433910
201434287
201434452
201434755
201435190
201435193
201435410
201435448
201436363
201436549
201436629
201436683
201436959
201436971
201437257
201437291
201437701
201437963
201438173
201438446
201438473
201438512
201438666
201439037
201439169
201439234
201439330
201439390
201439734
201439763
201440828
201440922
201440945
201441121
201441280
201441353
201441872
201441900
201442004
201442424
201442550
201442727
201442799
201443166
201443260
201443979
201444173
201444380
201444512
201445195
201445309
201445490
201445543
201445781
201445877
201445903
201446000
201446078
201446083
201446296
201446516
201446729
201447164
201447168
201447398
201447517
201447608
201447966
201448014
201448387
201448527
201448566
201449253
201449387
201449545
201449637
201449877
201452808
201452881
201453103
201453447
201453522
201453557
201453615
201454071
201454352
201454385
201455096
201456063
201456238
201456388
201456402
201456500
201456587
201456959
201457110
201457215
201457244
201457473
201457674
201457750
201457826
201457941
201458583
201459437
201459506
201460056
201460089
201460114
201460733
201460740
201460770
201460826
201461188
201461210
201461351
201461467
201461505
201461506
201461697
201462078
201462240
201462289
201462538
201463071
201463225
201463407
201464437
201464463
201464730
201464746
201464977
201464997
201465009
201465661
201466124
201466171
201466186
201466213
201466275
201466319
201466937
201466986
201467415
201467545
201467948
201468274
201469045
201469329
201469383
201469525
201469532
201469541
201470147
201471092
201471294
201471448
201471675
201471752
201471998
201472078
201472124
201472270
201472320
201472396
201472593
201472953
201473061
201473281
201473495
201473496
201473695
201473721
201474073
201474203
201474305
201474478
201474951
201475116
201475301
201475502
201475790
201476129
201476438
201476479
201476483
201476702
201477274
201477371
201477424
201477548
201477582
201477702
201477714
201477784
201477960
201478323
201478934
201479030
201479584
201479808
201480086
201480096
201480219
201480522
201480557
201480575
201480799
201480909
201480995
201481218
201481468
201481485
201481542
201481593
201481719
201482080
201482319
201482321
201482511
201483060
201484300
201484420
201484510
201484690
201484826
201484951
201485015
201485119
201485761
201485775
201485964
201485986
201485997
201486301
201486425
201486514
201486906
201486916
201486954
201487034
201487883
201488190
201488702
201488891
201489009
201489014
201489877
201490171
201490606
201490810
201491057
201491395
201491499
201491630
201491865
201491939
201492594
201492743
201492745
201492826
201493012
201493292
201493429
201493491
201493492
201494102
201494124
201494150
201494305
201494334
201494378
201494408
201494692
201494769
201494853
201494971
201495187
201495486
201495515
201495683
201496165
201496678
201496687
201496715
201496790
201497085
201497355
201497548
201497582
201497616
201497682
201497866
201498048
201498480
201498996
201499161
201499359
201499367
201499664
201499705
201499946
201499998
201500059
201500171
201500189
201500198
201500207
201500314
201500727
201500951
201501000
201501051
201501214
201501299
201501482
201501546
201501636
201501720
201501958
201502023
201502359
201502494
201502858
201502864
201503082
201503195
201503326
201503507
201503751
201503816
201503978
201504201
201504247
201504440
201504611
201504842
201505023
201505350
201505500
201505664
201505688
201505708
201506127
201506253
201506367
201506453
201506564
201506836
201506860
201507557
201507680
201507783
201507896
201507949
201508189
201508465
201508482
201508650
201508865
201508897
201509089
201509129
201509240
201509269
201509297
201509304
201509328
201509361
201509418
201509678
201509721
201509919
201510364
201510483
201510534
201510640
201510844
201511060
201511151
201511174
201511273
201511525
201511626
201511888
201512041
201512161
201512241
201512348
201512507
201512534
201512627
201512771
201513833
201514240
201514535
201514722
201515160
201515171
201515416
201515419
201515745
201515810
201515852
201516974
201517594
201517616
201517764
201517858
201518699
201518712
201518925
201519121
201519178
201520290
201520311
201520878
201520939
201521188
201521346
201521599
201521877
201521915
201522115
201522283
201523003
201523126
201523223
201523316
201523661
201523931
201523940
201524025
201524052
201524106
201524571
201525106
201525512
201525699
201525706
201525793
201526083
201526289
201526344
201526415
201526700
201526725
201526729
201526935
201527200
201527211
201527688
201527777
201527806
201527837
201528215
201529207
201529234
201529241
201529268
201529669
201529674
201529739
201529838
201530839
201531149
201531185
201531324
201531358
201531435
201531459
201531536
201531643
201531895
201531924
201531949
201532493
201532725
201532881
201532921
201533219
201533375
201533467
201533621
201533733
201533892
201534002
201534115
201534215
201534238
201534372
201534414
201534540
201534548
201534615
201534873
201535216
201535238
201535316
201535333
201535528
201535676
201535813
201535841
201535942
201535960
201536117
201536254
201536382
201536541
201536564
201536565
201536823
201536938
201537001
201537258
201537560
201537894
201538330
201538452
201538521
201538840
201538913
201538943
201538959
201539120
201539427
201539461
201539568
201539700
201539906
201540010
201540015
201540171
201540231
201540742
201540809
201540872
201541124
201541372
201541405
201541648
201541693
201541864
201541968
201542079
201542151
201542178
201542473
201542500
201542672
201542712
201542741
201542987
201543036
201543068
201543135
201543145
201543448
201543478
201543887
201543915
201544312
201544345
201544466
201544557
201544820
201544966
201545182
201545467
201545587
201546129
201546153
201546558
201546634
201546708
201546717
201546848
201546966
201546988
201547054
201547099
201547192
201547268
201547421
201547688
201548097
201548193
201548302
201548363
201548402
201548568
201549106
201549271
201549425
201549464
201549567
201549618
201549844
201549997
201550058
201550127
201550225
201550238
201550666
201550792
201551051
201551111
201551320
201551480
201551494
201551755
201551874
201552008
201552159
201552263
201552304
201552452
201552491
201552711
201553150
201553291
201553373
201553468
201553474
201553491
201553507
201553523
201553606
201553740
201553756
201553833
201554167
201554276
201554331
201554349
201554463
201554548
201554556
201554698
201555188
201555237
201555356
201555553
201555563
201555626
201555672
201555743
201555864
201555883
201555994
201556130
201556341
201556398
201556682
201557018
201557162
201557318
201557637
201557730
201557790
201557802
201558016
201558219
201558285
201558657
201558713
201558749
201558917
201559042
201559194
201559218
201559380
201559645
201559655
201559685
201559882
201559924
201560006
201560039
201560083
201560277
201560303
201560371
201560400
201560437
201560633
201560966
201561005
201561146
201561225
201561356
201561375
201561380
201561389
201561566
201561815
201561977
201562318
201562403
201562526
201562772
201562778
201562817
201562888
201563122
201563137
201563177
201563518
201563520
201563944
201564223
201564411
201564851
201565009
201565020
201565067
201565185
201565223
201565322
201565620
201565622
201565873
201565901
201566026
201566059
201566177
201566243
201566320
201566493
201566640
201566669
201567153
201567162
201567184
201567351
201567452
201567490
201567637
201567796
201567824
201568276
201568522
201568682
201568770
201568952
201568979
201569147
201569290
201569299
201569319
201569460
201569483
201569543
201569858
201569902
201569965
201570004
201570096
201570232
201570332
201570399
201570870
201570932
201570933
201571106
201571160
201571251
201571335
201571352
201571666
201571780
201571807
201571880
201571941
201572250
201572314
201572358
201572450
201572512
201572583
201572994
201573090
201573323
201573408
201573512
201573616
201573652
201573891
201574036
201574051
201574124
201574185
201574267
201574338
201574966
201575169
201575537
201575595
201575746
201575905
201576206
201576325
201576364
201576808
201576814
201576884
201576918
201576996
201577055
201577125
201577306
201577531
201577545
201577725
201577879
201578061
201578098
201578132
201578138
201578200
201578247
201578301
201579028
201579400
201579456
201579481
201579585
201579804
201579973
201580083
201580360
201580412
201580460
201580469
201580518
201581144
201581152
201581547
201581685
201581993
201582104
201582159
201582234
201582614
201582783
201582826
201583000
201583218
201583507
201583513
201583517
201583665
201583679
201584140
201584294
201584594
201585056
201585087
201585290
201585363
201585567
201585623
201585688
201585752
201585816
201585826
201585871
201585885
201585922
201585981
201586219
201586232
201586311
201586333
201586451
201587162
201587197
201587320
201587445
201587499
201587754
201587779
201588004
201588166
201588373
201588418
201588420
201588562
201588656
201588771
201589218
201589348
201589586
201589730
201589736
201589971
201589979
201590293
201590303
201590443
201590650
201590985
201591002
201591441
201591733
201591765
201591838
201591842
201592218
201592240
201592246
201592360
201592408
201592510
201592707
201592737
201592830
201592832
201593123
201593190
201593200
201593239
201593402
201593629
201593699
201593902
201594008
201594052
201594205
201594285
201594327
201594426
201594537
201594647
201594816
201594992
201595111
201595562
201595624
201595699
201595795
201596050
201596324
201596465
201596733
201596927
201596949
201597155
201597457
201597538
201597684
201597690
201597706
201597852
201597869
201597919
201597992
201598327
201598519
201598550
201598637
201598642
201598649
201598732
201598796
201599396
201599489
201599504
201599937
201599953
201599980
201600178
201600189
201600202
201600267
201600400
201600441
201600615
201600840
201600885
201600923
201601138
201601323
201601537
201601572
201601735
201601776
201601807
201601900
201602005
201602072
201602077
201602170
201602213
201602375
201602437
201602470
201602541
201603013
201603079
201603116
201603134
201603178
201603264
201603465
201603595
201603699
201603829
201604056
201604185
201604246
201604735
201605103
201605129
201605484
201605536
201605670
201605857
201605964
201606030
201606037
201606153
201606248
201606542
201606714
201606760
201607049
201607253
201607418
201607439
201607600
201607943
201608097
201608319
201608423
201608621
201608653
201608713
201608916
201608971
201609020
201609139
201609182
201609199
201609252
201609427
201609527
201609593
201609625
201610136
201610205
201610304
201610343
201610420
201610697
201610734
201610754
201610866
201611164
201611406
201611583
201611684
201611733
201611815
201611853
201611880
201611969
201611990
201612048
201612068
201612340
201612514
201612965
201613023
201613135
201613526
201613885
201613930
201614058
201614326
201614341
201614499
201614625
201614894
201615090
201615113
201615127
201615196
201615498
201615553
201615654
201615754
201616093
201616359
201616437
201616786
201617015
201617328
201617526
201617538
201617619
201617985
201618238
201618472
201618481
201618639
201618848
201619101
201619174
201619263
201619647
201619736
201619988
201620277
201620371
201620624
201620643
201620766
201620818
201620994
201621054
201621338
201621667
201622125
201622543
201622730
201622736
201622738
201622793
201622815
201622863
201622986
201623307
201623354
201623822
201624075
201624125
201624185
201624259
201624604
201624720
201624964
201625221
201625637
201625701
201625783
201625805
201626068
201626104
201626484
201626572
201626686
201626958
201627037
201627181
201627597
201627879
201628003
201628022
201628058
201628522
201628608
201628643
201628839
201629161
201629302
201629769
201629862
201629865
201629892
201630254
201630280
201630303
201630607
201630726
201631241
201631347
201631931
201631998
201632036
201632480
201632579
201632677
201633060
201633102
201633258
201633475
201633843
201633902
201634157
201634405
201634714
201635166
201635264
201635387
201635539
201636027
201636045
201636067
201636295
201636511
201636565
201636587
201636714
201637015
201637175
201637254
201637289
201637484
201637985
201638059
201638199
201638284
201638314
201638532
201639275
201639545
201639555
201639581
201639698
201639921
201639963
201640024
201640033
201640061
201640147
201640878
201641098
201641102
201641128
201641211
201641366
201641380
201641868
201642107
201642116
201642324
201642544
201642613
201642770
201643066
201643100
201643186
201643289
201643335
201643481
201643521
201643595
201643886
201643903
201644148
201644159
201644465
201644536
201644641
201644690
201644801
201644965
201645171
201645339
201645429
201645593
201645920
201646192
201646301
201646341
201646686
201646855
201647048
201647111
201647335
201647465
201647524
201647538
201647690
201648087
201648473
201648624
201648970
201649155
201649536
201649609
201650130
201650346
201650412
201650445
201650528
201650682
201650711
201650776
201650792
201650969
201651207
201651357
201651388
201651664
201651758
201651790
201651841
201651847
201652029
201652255
201652415
201652475
201652609
201652853
201652882
201652947
201652990
201653091
201653112
201653462
201653511
201653639
201653648
201653662
201653725
201654161
201654185
201654448
201654780
201654983
201655021
201655153
201655304
201655348
201655558
201655720
201655733
201655870
201655939
201656525
201656801
201656890
201657137
201657165
201657243
201657383
201657384
201657597
201657643
201657706
201657794
201658195
201658643
201658823
201658870
201658986
201659035
201659277
201659724
201659904
201659954
201659991
201660046
201660108
201660252
201660384
201660542
201660590
201661301
201661373
201661611
201661870
201662093
201662254
201662467
201662535
201662621
201662676
201663062
201663108
201663111
201663287
201663499
201663664
201663932
201664238
201664337
201664643
201664689
201664691
201664812
201664839
201665284
201665328
201665478
201665692
201665718
201665952
201666277
201666475
201666558
201666574
201666581
201666708
201667204
201667416
201667498
201667642
201667670
201667940
201667946
201668012
201668035
201668051
201668193
201668332
201668343
201668402
201668511
201668662
201668665
201668737
201669102
201669155
201669343
201669441
201669876
201669968
201670107
201670149
201670278
201670326
201670373
201670585
201670593
201670606
201670765
201670781
201670808
201670855
201670988
201671141
201671186
201671192
201671813
201671895
201672050
201672246
201672258
201672274
201672456
201672481
201672547
201672566
201672674
201672855
201673265
201673419
201673708
201673960
201673990
201674253
201674485
201674629
201674921
201675001
201675315
201675456
201675555
201675559
201675577
201675720
201675785
201676159
201677190
201677284
201677835
201677905
201678139
201678368
201678652
201678806
201678847
201678912
201678929
201679003
201679099
201679299
201679321
201679441
201679497
201679624
201679670
201679673
201679777
201680269
201680565
201681005
201681018
201681086
201681459
201681799
201682192
201682232
201682249
201682317
201682388
201682394
201682547
201682688
201682725
201682835
201683292
201683499
201683540
201683986
201684046
201684418
201684527
201684680
201684748
201684958
201684996
201685229
201685245
201685270
201685275
201685540
201685544
201685593
201685651
201685821
201686217
201686301
201686368
201686391
201686483
201686553
201686578
201686613
201686643
201686808
201686986
201687015
201687083
201687094
201687110
201687167
201687190
201687462
201687489
201687523
201687650
201687804
201687866
201687985
201687988
201688096
201688296
201688347
201688807
201688829
201688966
201689099
201689284
201689380
201689490
201689553
201689562
201690254
201690275
201690335
201690583
201690654
201690711
201690847
201690898
201690993
201691194
201691212
201691310
201691396
201691408
201691785
201692268
201692373
201692474
201692631
201692943
201693027
201693248
201693434
201694119
201694497
201694554
201694658
201694707
201694889
201695311
201695378
201695415
201695508
201695701
201695853
201695878
201695897
201696072
201696102
201696276
201696300
201696315
201696396
201696418
201696438
201696652
201696714
201697064
201697265
201697475
201697553
201697643
201698211
201698507
201698686
201698764
201698816
201698942
201699065
201699407
201699624
201699685
201699743
201699790
201700240
201700247
201700546
201700919
201700978
201700983
201701088
201701260
201701689
201701753
201701769
201701818
201701899
201701916
201702257
201702282
201702425
201702522
201702577
201702607
201702622
201702817
201702985
201703016
201703055
201703064
201703116
201703135
201703145
201703148
201703402
201703439
201703791
201703795
201703812
201703887
201704099
201704458
201704589
201704614
201704678
201705057
201705070
201705363
201705395
201705421
201705458
201705464
201705467
201705532
201705629
201705706
201705818
201705908
201705928
201706195
201706251
201706456
201706563
201706715
201706720
201706763
201706797
201707068
201707257
201707324
201707485
201708023
201708104
201708265
201708268
201708300
201708471
201708841
201709031
201709192
201709367
201709494
201709503
201709506
201709555
201709724
201709784
201710096
201710195
201710224
201710360
201710405
201710411
201710509
201710690
201710846
201711031
201711292
201711359
201711530
201711578
201711604
201711787
201712066
201712071
201712229
201712235
201712378
201712415
201712455
201712553
201712611
201712817
201712956
201713125
201713200
201713290
201713348
201713367
201713619
201713722
201713862
201714152
201714459
201714528
201714653
201714659
201714660
201714703
201714714
201714839
201714886
201715601
201715736
201715866
201715873
201715951
201716012
201716155
201716357
201716389
201716395
201716616
201716649
201716698
201716725
201716826
201717181
201717208
201717312
201717369
201717455
201717482
201717525
201717791
201718021
201718084
201718111
201718290
201718454
201718585
201718869
201718978
201719076
201719115
201719185
201719273
201719448
201719671
201719759
201719785
201719818
201719836
201719991
201720034
201720307
201720442
201720527
201720583
201720609
201720650
201720674
201720684
201720727
201720733
201720881
201720913
201720980
201721076
201721113
201721305
201721622
201721631
201721649
201721667
201721758
201721792
201721859
201722090
201722204
201722437
201722438
201722686
201722700
201722738
201722751
201722912
201723079
201723433
201723489
201723501
201723713
201724062
201724130
201724186
201724315
201724378
201724645
201724655
201724658
201724842
201725079
201725112
201725220
201725319
201725408
201725577
201725731
201725752
201725850
201726029
201726224
201726408
201726599
201726671
201727100
201727125
201727209
201727304
201727507
201727521
201727528
201728012
201728046
201728082
201728093
201728509
201728538
201728554
201728704
201728708
201728778
201728874
201729006
201729521
201729603
201729677
201729875
201729882
201729894
201729961
201730030
201730055
201730224
201730227
201730486
201730734
201730772
201730811
201730841
201731139
201731189
201731190
201731218
201731625
201731885
201731958
201732105
201732147
201732210
201732212
201732237
201732296
201732329
201732520
201732604
201732835
201732884
201733003
201733023
201733117
201733168
201733227
201733499
201733610
201733764
201733898
201733900
201733901
201734003
201734079
201734164
201734280
201734447
201734587
201734721
201734777
201735005
201735076
201735156
201735290
201735583
201735632
201735708
201735819
201736342
201736343
201736355
201736553
201736640
201736649
201736686
201736740
201736768
201736833
201736837
201736859
201736864
201737023
201737065
201737839
201738352
201738427
201738572
201738755
201738764
201738839
201738857
201739215
201739316
201739791
201739799
201739959
201740048
201740127
201740432
201740848
201740855
201740897
201740947
201741661
201741764
201741769
201741922
201742152
201742631
201742694
201742722
201743106
201743481
201743488
201743858
201743914
201744055
201744137
201744258
201744458
201744616
201744626
201744746
201744891
201744915
201744963
201745007
201745128
201745146
201745477
201745570
201745712
201745719
201745968
201746071
201746114
201746333
201746464
201746644
201746863
201746897
201747119
201747388
201747404
201747730
201747952
201748039
201748070
201748188
201748211
201748355
201748374
201748747
201748955
201749064
201749079
201749133
201749266
201749555
201749699
201750368
201750696
201750734
201750776
201751030
201751274
201751339
201751400
201751419
201751545
201751559
201751644
201751856
201752051
201752054
201752098
201752148
201752157
201752165
201752470
201752502
201752686
201752812
201752854
201752881
201752929
201753086
201754305
201754320
201754501
201754592
201754703
201754966
201754974
201755179
201755226
201755723
201755923
201756232
201756369
201756632
201756646
201756705
201756731
201756824
201756831
201756989
201757091
201757145
201757373
201757695
201757842
201758024
201758416
201758481
201758729
201758804
201758868
201758921
201759068
201759430
201759713
201759714
201759803
201760273
201760428
201760539
201760745
201760900
201761012
201761014
201761117
201761121
201761350
201761457
201761552
201761655
201761686
201761741
201761952
201761963
201761997
201762168
201762196
201762371
201762374
201762493
201762598
201762625
201762708
201762844
201762909
201763079
201763376
201763633
201764160
201764395
201764399
201764543
201764630
201764719
201764726
201764744
201764882
201765078
201765144
201765252
201765257
201765260
201765391
201765555
201765809
201765869
201765894
201766500
201766513
201766813
201766824
201767013
201767274
201767352
201767459
201768092
201768101
201768130
201768278
201768444
201768608
201768912
201768969
201769111
201769422
201769508
201769811
201770128
201770378
201770476
201770485
201770504
201770690
201770776
201770990
201771094
201771197
201771298
201771357
201771560
201771933
201772171
201772277
201772633
201772805
201773123
201773188
201773598
201773887
201774059
201774193
201774299
201774359
201774505
201774582
201775162
201775362
201775565
201775845
201775878
201775904
201775967
201776020
201776029
201776221
201776374
201776562
201776846
201777354
201777483
201777655
201777807
201777858
201778063
201778394
201778473
201778566
201778636
201778685
201779048
201779331
201779647
201779805
201780013
201780352
201780519
201780857
201781121
201781662
201782028
201782432
201782458
201782464
201783085
201783258
201783569
201783708
201783916
201783991
201784289
201784519
201784576
201784838
201784970
201785130
201785388
201785646
201786083
201786161
201786492
201786580
201786828
201786969
201787112
201787593
201787775
201787839
201787998
201788267
201788284
201789080
201789118
201789297
201789412
201790738
201790887
201791258
201791276
201791789
201791826
201791857
201792146
201792863
201793214
201793360
201793485
201793550
201793701
201793989
201794423
201794580
201794581
201794712
201794752
201794783
201794967
201795027
201795107
201795222
201795241
201795246
201795805
201796000
201796364
201796452
201796789
201796893
201797228
201797399
201797752
201798083
201798187
201798330
201798404
201798805
201798976
201799223
201799242
201799986
201800065
201800781
201801199
201801438
201801617
201801768
201801968
201802138
201802809
201803004
201803059
201803114
201803185
201803190
201803722
201803738
201804079
201804221
201804521
201804588
201804591
201804735
201804821
201805179
201805229
201805561
201805900
201805929
201805948
201806022
201806444
201806789
201806875
201806952
201806988
201806997
201807048
201807212
201807478
201807620
201808013
201808066
201808312
201808759
201808879
201809269
201809424
201809540
201809900
201810062
201810168
201810241
201810283
201810289
201811521
201811653
201811855
201811890
201812189
201812471
201812531
201812570
201812663
201812676
201812705
201814040
201814230
201814231
201815913
201816403
201816406
201816495
201816919
201816952
201818041
201818117
201818166
201818442
201818727
201818925
201818963
201818996
201819054
201819252
201819356
201819819
201819982
201822038
201822088
201822356
201822507
201822884
201823019
201823131
201823161
201823228
201823797
201823870
201824009
201824234
201824304
201824471
201824886
201825417
201826197
201826204
201826238
201826318
201826408
201826498
201826591
201826608
201826733
201826796
201826962
201827778
201827917
201828393
201828507
201828626
201828749
201829183
201829246
201829851
201829880
201830224
201830334
201830461
201831102
201831139
201831236
201831355
201831628
201831767
201831823
201831898
201832051
201832130
201832596
201833505
201833600
201834045
201834231
201834655
201834707
201835046
201835243
201835259
201835270
201835349
201835364
201835539
201835659
201835675
201835892
201836268
201837418
201837421
201837434
201837486
201837678
201837818
201837850
201838338
201838342
201838466
201838507
201838553
201838830
201838850
201838904
201839069
201839130
201839264
201839406
201839426
201839504
201839655
201840254
201840893
201841005
201841178
201841304
201841340
201841672
201841830
201841876
201843171
201843274
201843306
201843333
201843712
201843800
201843941
201844093
201844121
201844411
201844435
201844508
201844593
201844675
201844741
201845126
201845217
201845324
201845375
201845383
201845513
201845690
201845908
201846505
201846561
201846824
201846855
201846895
201847562
201847598
201847765
201847907
201848028
201848060
201848125
201848281
201848429
201848784
201848856
201848913
201850494
201850824
201851019
201851305
201851617
201851715
201851772
201851956
201852138
201852250
201852283
201852409
201852681
201852771
201852855
201852895
201853053
201853063
201853354
201853779
201854006
201854267
201854345
201854470
201854578
201854904
201854944
201854978
201855043
201855181
201855304
201855371
201855491
201855508
201855642
201855858
201855956
201855997
201857155
201857241
201857655
201857722
201858282
201858293
201858496
201858599
201858862
201859194
201859398
201859551
201859566
201859741
201859794
201859902
201860585
201860722
201860765
201860921
201862104
201862151
201862262
201862404
201862589
201862715
201862738
201862783
201862799
201862819
201862988
201863093
201863118
201863453
201863634
201863759
201863827
201863835
201863981
201864262
201864370
201864517
201864548
201865143
201865163
201865165
201865590
201865980
201866156
201866197
201866223
201866281
201866368
201866845
201866945
201867138
201867229
201867314
201867482
201867621
201867958
201868228
201868254
201868374
201868573
201868756
201869367
201869927
201870207
201870289
201870611
201871027
201871177
201871396
201871727
201871915
201872014
201872425
201872796
201872919
201873041
201873285
201873414
201873661
201873820
201873967
201874130
201874488
201874592
201874759
201876133
201876371
201876550
201876743
201877245
201877455
201877513
201878214
201878315
201878473
201878477
201878488
201878509
201878574
201880727
201881171
201881418
201881541
201881567
201881629
201881632
201881721
201881736
201881964
201882012
201882364
201882957
201883010
201883453
201883500
201883699
201883893
201883921
201884285
201884423
201884863
201885058
201885185
201885410
201885585
201885587
201885929
201887131
201887383
201887663
201887716
201887848
201887856
201887914
201888028
201888205
201888640
201888714
201888814
201888865
201888866
201889040
201889322
201889576
201889842
201890336
201890892
201890905
201891100
201891252
201891266
201891486
201891920
201891939
201892150
201892157
201892336
201892507
201892512
201892692
201892842
201893099
201893148
201893154
201893205
201893427
201893461
201893670
201893994
201894022
201894357
201894703
201894747
201894856
201894916
201895010
201895031
201895242
201895291
201895565
201895571
201895758
201896065
201896151
201896529
201896663
201897076
201897276
201897398
201897404
201897454
201897472
201897514
201897616
201897715
201897898
201897986
201898262
201898895
201898939
201898993
201899196
201899410
201899475
201899621
201899764
201900066
201900372
201900582
201900965
201901082
201901433
201901606
201901810
201901901
201902310
201902390
201902396
201902866
201903365
201903390
201903511
201903960
201904292
201904601
201904661
201905098
201905205
201905209
201905359
201905475
201905585
201906035
201906495
201906711
201906976
201907096
201907706
201907727
201907846
201908197
201908324
201908362
201908537
201908648
201908775
201908829
201908905
201909132
201909165
201909371
201909399
201909615
201910203
201910212
201910513
201910620
201910714
201910737
201910749
201910817
201910949
201911287
201911343
201911716
201911767
201912105
201912503
201912552
201912825
201913061
201913140
201913167
201913250
201913498
201913586
201914122
201914140
201914260
201914578
201914701
201914756
201914870
201914892
201915043
201915144
201915189
201915500
201915545
201915687
201915800
201915810
201915813
201915896
201915942
201916198
201916309
201916425
201916429
201916557
201916755
201916803
201917126
201917141
201917174
201917313
201917390
201917816
201917842
201917999
201918077
201918290
201918363
201918452
201918478
201918903
201919068
201919413
201919539
201919671
201919748
201920064
201920103
201920159
201920819
201920882
201921127
201921314
201921605
201921740
201921807
201921987
201922216
201922264
201922329
201922364
201922647
201922762
201923289
201923310
201923444
201923447
201923463
201923708
201923841
201923962
201924526
201924621
201924786
201924898
201924937
201925035
201925337
201925483
201926120
201926398
201926730
201926949
201926953
201927185
201927625
201927819
201927949
201927952
201928061
201928085
201928106
201928612
201928788
201928968
201929294
201930133
201930188
201931358
201931805
201932748
201932945
201933643
201933870
201933880
201933933
201935402
201936417
201937671
201937736
201938587
201939183
201939806
201940335
201940469
201941182
201941330
201941483
201941667
201943781
201944572
201944798
201944856
201944869
201945954
201945984
201946354
201947493
201947959
201949143
201949467
201950789
201950918
201951086
201951143
201951507
201951528
201952124
201952375
201952606
201953980
201954762
201955730
201956137
201956282
201957042
201957754
201958072
201958456
201959142
201959713
201962307
201962658
