202501727
202518676
202554180
202622700
202623910
202640186
202665135
202673190
202691120
202692119
202696859
202737400
202741278
202742031
202762023
202773276
202812082
202863081
202870702
202911789
202929357
202959178
202985694
202996515
202997901
203002068
203014943
203026255
203030137
203094431
203107296
203143957
203154105
203162555
203242807
203398633
203428572
203449252
203469651
203475957
203480423
203497145
203503161
203531786
203578387
203585851
203615205
203656237
203710621
203710917
203724328
203740440
203831238
203840501
203844328
203862487
203863598
203874107
203879078
203900592
203907133
203935918
203940029
204090458
204098326
204129971
204136221
204138910
204154300
204164545
204181806
204194649
204199860
204202761
204204360
204268295
204270013
204270392
204280833
204290034
204298485
204368908
204376704
204436797
204438578
204456468
204471324
204534659
204547166
204547528
204558226
204574155
204600767
204605052
204607292
204673472
204752393
204796707
204880049
204882255
204896551
204941137
204972858
204991696
205003139
205003841
205039947
205040035
205054021
205068250
205075795
205089975
205097925
205107159
205114219
205120291
205120406
205136799
205156982
205168996
205170167
205188142
205209184
205210709
205224571
205225132
205239762
205278742
205283455
205288564
205333959
205380310
205384270
205387839
205387915
205388726
205428118
205432585
205512022
205523252
205549634
205565079
205617778
205620218
205664690
205670261
205670868
205690421
205696244
