202580813
202604283
202617448
202674012
202686652
202688980
202772183
202795151
202843085
202844711
202941170
203011840
203060993
203294831
203338523
203361171
203369334
203466879
203519610
203543668
203544427
203562196
203579552
203610780
203617136
203636784
203649493
203656002
203695989
203703448
203719159
203724283
203728604
203735686
203755313
203764177
203770739
203783195
203807372
203807502
203823059
203835763
203851147
203868608
203878683
203889399
203902334
203908645
203911446
203911955
203916376
203917711
203919499
203929178
203942067
203954277
203977573
204026146
204059927
204067469
204070966
204073447
204073656
204086578
204094503
204105782
204115932
204131834
204167894
204171075
204171214
204174563
204177233
204179952
204183093
204183656
204185956
204193996
204199047
204202051
204213213
204220410
204220488
204230552
204233769
204234138
204236712
204244528
204245509
204312847
204328629
204347304
204367182
204407880
204428864
204470067
204521712
204531124
204538021
204576757
204618782
204638512
204649811
204676803
204676841
204748201
204760247
204878974
204887480
204918110
204942752
204948476
204951319
204953572
204959709
204963987
205000535
205019541
205020466
205050711
205074878
205081429
205107342
205146590
205170307
205195789
205210713
205211982
205400901
205463986
205485891
205495780
205502880
205511554
205523905
205546169
205552509
205554809
205556581
205563464
205576099
205590451
205597819
205600649
205616283
205617070
205635741
205655042
205666907
205671746
205688490
205703649
205726992
205739705
