202583440
202643279
202679718
202685083
202685801
202733088
202733431
202774129
202828096
202843107
202851823
202873945
202923459
202963882
202968864
202986143
203036188
203185083
203341895
203351697
203396402
203424524
203433962
203462615
203463506
203465909
203485624
203565326
203633064
203640875
203682834
203749579
203749720
203766590
203783190
203842174
203849738
203854810
203878150
203897643
203926458
203993451
204054616
204063024
204117263
204118782
204123866
204124270
204138967
204217309
204225046
204227194
204247091
204275121
204350686
204350687
204353555
204429688
204496657
204538608
204558724
204561424
204561871
204576050
204666723
204753706
204807722
204817605
204873331
204882444
204897050
204907195
204918279
205060983
205062129
205105770
205129673
205131464
205149790
205167843
205189451
205246286
205374937
205405404
205483258
205483967
205527197
205557744
205604443
205630101
205630389
205684800
205728169
205728486
