202578169
202652559
202724890
202739096
202900497
202969908
203031097
203035598
203075848
203114152
203127694
203465260
203486145
203498990
203508857
203549376
203558089
203575434
203578376
203579600
203593664
203707855
203725441
203829123
203870025
203914521
203941468
203941868
204080563
204134902
204186977
204288213
204299478
204308967
204328600
204329226
204484164
204556512
204557908
204559476
204817435
204938521
204965815
204966750
205043428
205075874
205094128
205108598
205112883
205156805
205198658
205247045
205275157
205363642
205399697
205429867
205510268
205510377
205612433
205644927
