202488467
202491250
202496545
202499459
202506039
202506474
202507039
202512864
202514927
202515599
202518093
202521931
202522885
202523595
202526854
202527844
202528405
202533382
202533649
202538585
202540096
202540162
202544694
202545478
202546150
202548111
202548310
202548530
202551457
202551851
202552884
202552973
202553018
202553061
202554603
202555014
202556548
202558355
202560203
202561196
202561581
202562641
202563133
202564230
202564237
202564584
202565282
202566044
202566766
202566983
202567324
202568401
202570540
202572958
202572997
202574118
202575163
202575230
202575346
202576842
202577161
202577527
202579782
202580119
202580602
202580996
202581426
202582206
202582420
202582483
202583210
202584037
202584126
202584467
202585031
202585553
202585753
202585915
202586991
202589741
202589809
202589921
202590030
202590141
202590160
202590369
202590973
202591306
202591825
202591862
202592009
202592958
202592986
202593646
202594308
202595250
202595485
202595737
202596299
202596301
202596376
202596509
202596615
202597255
202597940
202598077
202598448
202598546
202599498
202599543
202600011
202600436
202600984
202601115
202601263
202601405
202601551
202601690
202602753
202602926
202602988
202603202
202604263
202604489
202604573
202604953
202605160
202605327
202606073
202606214
202606391
202606496
202606769
202606921
202607155
202607682
202608683
202608837
202610569
202610853
202610930
202612617
202613355
202613443
202613714
202613991
202614531
202614750
202614802
202615486
202615524
202616079
202616219
202616289
202616549
202616602
202616762
202616963
202616972
202617471
202617622
202618296
202619819
202620028
202620170
202620555
202622214
202622231
202622296
202622970
202623864
202624379
202624734
202624971
202625676
202626916
202627120
202627452
202627477
202627715
202627721
202628447
202628742
202628930
202629207
202629299
202629575
202629638
202629760
202631760
202632400
202632849
202633073
202633544
202633702
202633768
202634091
202634206
202634644
202634751
202634842
202634963
202635062
202635138
202635461
202635580
202635826
202636113
202636142
202636203
202636216
202636350
202636585
202636923
202637121
202637310
202637341
202637357
202638008
202638453
202638454
202638647
202638661
202638858
202639004
202639006
202639393
202639482
202639816
202639882
202640521
202640735
202640826
202641232
202641245
202641425
202642370
202642992
202642998
202643065
202643095
202643314
202643817
202643982
202644039
202644133
202644874
202645647
202646010
202646064
202646341
202646579
202646907
202647163
202647171
202647437
202647848
202648418
202649288
202649492
202649605
202649789
202650006
202650150
202650200
202650801
202651243
202651401
202651553
202652059
202652325
202653610
202653651
202655106
202655145
202655495
202655918
202656096
202656282
202656291
202656356
202658073
202658354
202658558
202658842
202658937
202659779
202659813
202660583
202661596
202662123
202662737
202663022
202663323
202663666
202663719
202663850
202664304
202664824
202665032
202665084
202665233
202665886
202665924
202665958
202666716
202666756
202667099
202668228
202668513
202668813
202668839
202668981
202669106
202669251
202669981
202670081
202670207
202670604
202670605
202672023
202672160
202672494
202672607
202672946
202673055
202673497
202674486
202674644
202674849
202674979
202674981
202675014
202675658
202675839
202676399
202676628
202676980
202677260
202677506
202678154
202678495
202678759
202679470
202679518
202679600
202680107
202680204
202680501
202680760
202680808
202681242
202681442
202681594
202681822
202682078
202682403
202682823
202683037
202683688
202683706
202684003
202684390
202684708
202684874
202685024
202685064
202685446
202685494
202685651
202685674
202685858
202685860
202686568
202686881
202686996
202687148
202687276
202687370
202687442
202687506
202687573
202688077
202688205
202688359
202689097
202689442
202689520
202689770
202690123
202690141
202690722
202691132
202691501
202691551
202691574
202691795
202691938
202692156
202692202
202693036
202693066
202693134
202693279
202693794
202694080
202694255
202694345
202694459
202694787
202694812
202694927
202694952
202694998
202695224
202695563
202695868
202695955
202697055
202697194
202697374
202697378
202697985
202697988
202698201
202698703
202699969
202700985
202700987
202701626
202701965
202702056
202702334
202702443
202702693
202703285
202703347
202703505
202703597
202703609
202703639
202704365
202704648
202705280
202705326
202705529
202705532
202706032
202706271
202706664
202706947
202707193
202707217
202707309
202707396
202707507
202707662
202708176
202708344
202708549
202709272
202709415
202709462
202709492
202709569
202709590
202709674
202709862
202709894
202709960
202710100
202710613
202710655
202711010
202711901
202712399
202712589
202712787
202712833
202713344
202713829
202713960
202714305
202714973
202715668
202716590
202716786
202716989
202717484
202717677
202718016
202718241
202718258
202718449
202718637
202718783
202719119
202719324
202719855
202720404
202721424
202721822
202721913
202722121
202722438
202722931
202723446
202723488
202723992
202724601
202725201
202725341
202725805
202726381
202726665
202726744
202726934
202727068
202727198
202727430
202727531
202727745
202728263
202729075
202729657
202729708
202729728
202730339
202730536
202731501
202732429
202732480
202733206
202733661
202733734
202734180
202734670
202735040
202735367
202736167
202736310
202736484
202736604
202737275
202737605
202737973
202738026
202738058
202738243
202738556
202738894
202739620
202740496
202740560
202740694
202741021
202741035
202741240
202741277
202741323
202742120
202742196
202742372
202742413
202743203
202743891
202743989
202744372
202744468
202744549
202744595
202745826
202745886
202746777
202747049
202747117
202748048
202748218
202748306
202748341
202748506
202748631
202748933
202749266
202749406
202749429
202749665
202749673
202749933
202750066
202750301
202750487
202750562
202750564
202750796
202750948
202751088
202751327
202751342
202751530
202751605
202751822
202751928
202751967
202752268
202752443
202752501
202752856
202752875
202753104
202753387
202753440
202753709
202753773
202753983
202754459
202754626
202755156
202755278
202755280
202755657
202756060
202756353
202756536
202756818
202757934
202758114
202758147
202758288
202758431
202758669
202758756
202758779
202759184
202759851
202760268
202760456
202760721
202760747
202761035
202761192
202761216
202761218
202761416
202761577
202761615
202761619
202761787
202762122
202762320
202762384
202762966
202763212
202763440
202763874
202764426
202764634
202764643
202764767
202765556
202766205
202766283
202766432
202766472
202766534
202766641
202766887
202766930
202767011
202767023
202767131
202767709
202767729
202768244
202768712
202768746
202768924
202769630
202769820
202770255
202770296
202771116
202771161
202771188
202771458
202771697
202771806
202772174
202772374
202772489
202772973
202773132
202773274
202773953
202774042
202774353
202774503
202774883
202775067
202775272
202775639
202775833
202775925
202776007
202776572
202777072
202777408
202777658
202777859
202777866
202777986
202778387
202778625
202779071
202779319
202780537
202781152
202781158
202781295
202781482
202781962
202782071
202782215
202782463
202782553
202782686
202782724
202783702
202784199
202784632
202784671
202785208
202785232
202785464
202785827
202786291
202786359
202787389
202787640
202787743
202788209
202788300
202788358
202788760
202788964
202789005
202789117
202789423
202790027
202790596
202790715
202790846
202791295
202792099
202792561
202793374
202793713
202793842
202794152
202794306
202794386
202795020
202795086
202795188
202795246
202795621
202795731
202795748
202796102
202796625
202796635
202797097
202797111
202797291
202797529
202797583
202797631
202797881
202798177
202798403
202798414
202798451
202798762
202798807
202798872
202798933
202799049
202799815
202799845
202799914
202799997
202800041
202800046
202800342
202801758
202802118
202802163
202802209
202802241
202802295
202802376
202802454
202802616
202802691
202802958
202803455
202803548
202804648
202804828
202804882
202805114
202805501
202805945
202806211
202806355
202806739
202806905
202807016
202807029
202807273
202807476
202807967
202808178
202808352
202808417
202808819
202808840
202808967
202809011
202809361
202809596
202809618
202809947
202810075
202810239
202810257
202810802
202811129
202811596
202811921
202811990
202812022
202812466
202812521
202813329
202813658
202813737
202813854
202814365
202814530
202814533
202815140
202815225
202815340
202815471
202815563
202815632
202815665
202815947
202816049
202816355
202816457
202816730
202816752
202816809
202817893
202817919
202818232
202818805
202818822
202818836
202818856
202819083
202819101
202819456
202819505
202820053
202820066
202820090
202820617
202821117
202821271
202821899
202822017
202822293
202822405
202822654
202822988
202823145
202823303
202824189
202824227
202824334
202824738
202825300
202825615
202825878
202826656
202826729
202826817
202827748
202827968
202828082
202828127
202828513
202828770
202829187
202829234
202829478
202829742
202830484
202830839
202831458
202831800
202831952
202832123
202832408
202832548
202832959
202833186
202833192
202833456
202833505
202834950
202836906
202837076
202837279
202837312
202837912
202838010
202838295
202839590
202839952
202840050
202840398
202841795
202841881
202842502
202842513
202844181
202844268
202844975
202846107
202846181
202846261
202847404
202847686
202849837
202851360
202851479
202852443
202853332
202854385
202854583
202854753
202855998
202856329
202856383
202856708
202857241
202858201
202858731
202859877
202860020
202860527
202861435
202861454
202861843
202862032
202862458
202862547
202862586
202863926
202863997
202864622
202864935
202865434
202865931
202867149
202867181
202867322
202867691
202868020
202868463
202868602
202869109
202869471
202869753
202870579
202872480
202872570
202872738
202872850
202873068
202873120
202873146
202873194
202873448
202873595
202873859
202874044
202874068
202874385
202874782
202874954
202875089
202875164
202875340
202875341
202875475
202875485
202876036
202876151
202876560
202876718
202877383
202877448
202877517
202877610
202877666
202877756
202877933
202879222
202879911
202880235
202880331
202880731
202880862
202881767
202881926
202882101
202882298
202882642
202882683
202882736
202882881
202882909
202883202
202883281
202883564
202883661
202883740
202884479
202884511
202884519
202884704
202884813
202885144
202885421
202885826
202886340
202886643
202886851
202887038
202887233
202888106
202888450
202889190
202889739
202889750
202890093
202890114
202890447
202891155
202891774
202892036
202892361
202892831
202892971
202893066
202893380
202893411
202893536
202893745
202894218
202894499
202895554
202895573
202896086
202896296
202896364
202896430
202897146
202897152
202898018
202898248
202898255
202898629
202898641
202898898
202899888
202899967
202900241
202900244
202900420
202900533
202900700
202901120
202901218
202901524
202901848
202901965
202902580
202902609
202903218
202903645
202903929
202905158
202905306
202905472
202905529
202905692
202906579
202906684
202907202
202907454
202907526
202907569
202907765
202907997
202908043
202908205
202908315
202908330
202908375
202908474
202908826
202910382
202910834
202910861
202911301
202911430
202911631
202911922
202911961
202912175
202912319
202912357
202912367
202912505
202912570
202913161
202913201
202913217
202913391
202913494
202913704
202913957
202914634
202914688
202914838
202915229
202915240
202915305
202915351
202915395
202915783
202916160
202917279
202917658
202918114
202918144
202919141
202919426
202919579
202919722
202919859
202920095
202920370
202920423
202920567
202921167
202921478
202921859
202922644
202922721
202923176
202923818
202923829
202923938
202924067
202924500
202925117
202925202
202925334
202925592
202925776
202925890
202925996
202926173
202926318
202926442
202926624
202926662
202926861
202928372
202928413
202928465
202928748
202929153
202929516
202930098
202930463
202930587
202931271
202931403
202932493
202932689
202933650
202934308
202934870
202935366
202935477
202936105
202936371
202936422
202936774
202937036
202937147
202937157
202938351
202938468
202938666
202938709
202939076
202939267
202939698
202939979
202940036
202940102
202940346
202940738
202941184
202941305
202941333
202942400
202942404
202942506
202942808
202943150
202943412
202943686
202943704
202943800
202944308
202944749
202945773
202946387
202947117
202947197
202947580
202947701
202947716
202948155
202948220
202948533
202950433
202950465
202950741
202950992
202951769
202952720
202953429
202953857
202954231
202954361
202954667
202955563
202955617
202955753
202955922
202956378
202956840
202957129
202957308
202957315
202957328
202957530
202957706
202957990
202958460
202958615
202958691
202958997
202959108
202960178
202960292
202960478
202960901
202961426
202961647
202962001
202962158
202962369
202963216
202963544
202963927
202963951
202963984
202964089
202964201
202964211
202964504
202964687
202964761
202964835
202965370
202965460
202965734
202965761
202966322
202966473
202967317
202967859
202968053
202968152
202969139
202969269
202969380
202969454
202969611
202970168
202970303
202970519
202970622
202970796
202970894
202971735
202971770
202972156
202972983
202973007
202973860
202974239
202974242
202974348
202974359
202974578
202974757
202975028
202975117
202975426
202975532
202975629
202975869
202976125
202976733
202976791
202977994
202978101
202978804
202978875
202978945
202979354
202979727
202979772
202980055
202980629
202980771
202980846
202981286
202982225
202982245
202982259
202982640
202982749
202983165
202983384
202983574
202983606
202983850
202985343
202985948
202986093
202986487
202986682
202986929
202987111
202987276
202987619
202987752
202988387
202988479
202988617
202989013
202990042
202990244
202990627
202991170
202991216
202991397
202991598
202991922
202991926
202992050
202992082
202992192
202992233
202993077
202993148
202993284
202993889
202993916
202994385
202994393
202995060
202995284
202995299
202996160
202996211
202996337
202996995
202997090
202997161
202997217
202997248
202998099
202998261
202998581
202998751
202999396
202999476
202999810
203001146
203001211
203001471
203001928
203002166
203003474
203003535
203003889
203003934
203003991
203004488
203005241
203007276
203008341
203008651
203010316
203011203
203011603
203011751
203011879
203011933
203012747
203012768
203013029
203013725
203013818
203013999
203014014
203014091
203014553
203014590
203014739
203015557
203015750
203015898
203015926
203016406
203017272
203017309
203017689
203018101
203019026
203019042
203019054
203019815
203019838
203020085
203020580
203021439
203021614
203022064
203022699
203023059
203023192
203023269
203023505
203023892
203024070
203024084
203024332
203024760
203025092
203025762
203025828
203025896
203026004
203026334
203027027
203027151
203027459
203027583
203027619
203027754
203027831
203027994
203028394
203028585
203028655
203029647
203030246
203030457
203030662
203030715
203030851
203031002
203031403
203031529
203031639
203032224
203032243
203032566
203032681
203033448
203033521
203033745
203034125
203034256
203034610
203034727
203035000
203035025
203035177
203035316
203036022
203036214
203036977
203037470
203037514
203037862
203038250
203038417
203038655
203040021
203040322
203040416
203041404
203041525
203041562
203041774
203041879
203042116
203042358
203042580
203042666
203042824
203042845
203043447
203043883
203043947
203043970
203044376
203044738
203044869
203045117
203045476
203045618
203046225
203046390
203046662
203046725
203046969
203047856
203048004
203048190
203048265
203048526
203048721
203049035
203049247
203051028
203052001
203052716
203052830
203053041
203053600
203054053
203054726
203055122
203055566
203055658
203056041
203056725
203057003
203057231
203057287
203058515
203059002
203059311
203060167
203060393
203061580
203063348
203063710
203064595
203065453
203065636
203065731
203066538
203067645
203067802
203067944
203067960
203068452
203069249
203069605
203069899
203069994
203070341
203070421
203070588
203070640
203070782
203072029
203072083
203072437
203072577
203072804
203072899
203072910
203073623
203074589
203074764
203074773
203075082
203075285
203075432
203075661
203076030
203076072
203077336
203077596
203078146
203078212
203078340
203078471
203079016
203079208
203079290
203079535
203079748
203080000
203080024
203081316
203081862
203082085
203082226
203082674
203082860
203082910
203082998
203083104
203083161
203083414
203083457
203083505
203083572
203083752
203083776
203084253
203084678
203085416
203086040
203086124
203086625
203087372
203088183
203088610
203089064
203089383
203089398
203089639
203089704
203089855
203090251
203090273
203090538
203091284
203091453
203092153
203092549
203093100
203094514
203094723
203095338
203095374
203096145
203096274
203096624
203097461
203097707
203098364
203098652
203099454
203100353
203100715
203100928
203101158
203101957
203102258
203103266
203103673
203104137
203104957
203105489
203105826
203105852
203106102
203107349
203108038
203108154
203109257
203109342
203110818
203111045
203111111
203111321
203112272
203112383
203112387
203112918
203112953
203113004
203113121
203114210
203114992
203115450
203116378
203117587
203117660
203117812
203118986
203119811
203119900
203120106
203120347
203120828
203120987
203122119
203122455
203122666
203122950
203123048
203125100
203125148
203126348
203126806
203126913
203127679
203128153
203129765
203129854
203130273
203131475
203131864
203133800
203134080
203136059
203136337
203136600
203137654
203139512
203141803
203141896
203142295
203142849
203143811
203143831
203144165
203144771
203146195
203147459
203150134
203151064
203151923
203152387
203153974
203154824
203156726
203157339
203158402
203158584
203164669
203164754
203165237
203165801
203166656
203166697
203169429
203171187
203173545
203173981
203174670
203176275
203179355
203179611
203182017
203183300
203183796
203183971
203185886
203190539
203195498
203201464
203204133
203204294
203205085
203205806
203207028
203207926
203208842
203208875
203210383
203212462
203216102
203216439
203217425
203219109
203223465
203228632
203228952
203229584
203231897
203232334
203232769
203233424
203234509
203235999
203236133
203239120
203241615
203242513
203244290
203246779
203247137
203248315
203250504
203251302
203251447
203251493
203252769
203252770
203255143
203255159
203255363
203255564
203256507
203258247
203260386
203260397
203260402
203262247
203264382
203265207
203265828
203266863
203271442
203279329
203279357
203280640
203280904
203284437
203285885
203286997
203288831
203289956
203292250
203293489
203294843
203295468
203295589
203300063
203301372
203302339
203303086
203303610
203304201
203305063
203306101
203306310
203308111
203308260
203311200
203312227
203314302
203315406
203321966
203325300
203325718
203327637
203329658
203332101
203332517
203333411
203334789
203336679
203336734
203338172
203339033
203339114
203340209
203341315
203341481
203343276
203343312
203344603
203345497
203346577
203346776
203346945
203347164
203348048
203350267
203351813
203351839
203352157
203352209
203352336
203353650
203354044
203354523
203355499
203356431
203356734
203356747
203356927
203357686
203357981
203358155
203358493
203358855
203359954
203360843
203361846
203362153
203362947
203363841
203365630
203365890
203366549
203366832
203366881
203366949
203368832
203368857
203370063
203370818
203370935
203372681
203373014
203376082
203377650
203377712
203378057
203378082
203378315
203379251
203379597
203379868
203380706
203381913
203382710
203382745
203383114
203384656
203386934
203387026
203387112
203388065
203388608
203389641
203390384
203390867
203391576
203392259
203392853
203392874
203393246
203393495
203394211
203394520
203394980
203394994
203395980
203396304
203396890
203396930
203397360
203397653
203397735
203398966
203399155
203400836
203401494
203401582
203402160
203402385
203402778
203403111
203404210
203404526
203405463
203405812
203406230
203406268
203407633
203407734
203411299
203411418
203411499
203411511
203413199
203413248
203413286
203413914
203413979
203414055
203414193
203414463
203415314
203415516
203415971
203416174
203416475
203417292
203418754
203419108
203419681
203419979
203420191
203420322
203421651
203422230
203422687
203423784
203424947
203425852
203426865
203427215
203427608
203427887
203428099
203428193
203428270
203428317
203428487
203428586
203429130
203429318
203429404
203430253
203430333
203430404
203430483
203430881
203431229
203431995
203432604
203432858
203433709
203433728
203433775
203433906
203435396
203435482
203436150
203436674
203437336
203437525
203437558
203437631
203437673
203438640
203439379
203440358
203440426
203440927
203440973
203441510
203442157
203442158
203442343
203443444
203443996
203444491
203444902
203445129
203445235
203445886
203446403
203446457
203447106
203447136
203447298
203448262
203449577
203449847
203450515
203450690
203451239
203451463
203451657
203451997
203452255
203453191
203453569
203453806
203453824
203453972
203454213
203454541
203454972
203455791
203456510
203458117
203458168
203458297
203458522
203459271
203459411
203459588
203459691
203459784
203460052
203460201
203460427
203460511
203460919
203461558
203462075
203462105
203462447
203463720
203464655
203464662
203465163
203465193
203465801
203465939
203466041
203467458
203468450
203470979
203471476
203473889
203473951
203474754
203478347
203479088
203481584
203481657
203481830
203482017
203483029
203483219
203483366
203483453
203483594
203483651
203484080
203484131
203484421
203485275
203485585
203485794
203486090
203486964
203487406
203488622
203488703
203488803
203489614
203489901
203489964
203490920
203491143
203492039
203492432
203492761
203493151
203493175
203493296
203493493
203493717
203493914
203494346
203494746
203495313
203495402
203495623
203495795
203496903
203496995
203497402
203497438
203498864
203498901
203499517
203499770
203500075
203500486
203500495
203500817
203501184
203501463
203503116
203503369
203503460
203503979
203505417
203505673
203505909
203506018
203506482
203506509
203506626
203506774
203506899
203506968
203507331
203507942
203508899
203509234
203509334
203509414
203509452
203509946
203510168
203510393
203510434
203510479
203510849
203511268
203511311
203511488
203511502
203511673
203512194
203512238
203512347
203512476
203512756
203513345
203514056
203514293
203515192
203515339
203515909
203516025
203517579
203517931
203518244
203518301
203518456
203518900
203519036
203519705
203520011
203520073
203520293
203520403
203520790
203520825
203520965
203520976
203521161
203521184
203521333
203521438
203522616
203522897
203523040
203523043
203523532
203524543
203524599
203524627
203525305
203526262
203526723
203526802
203527189
203527595
203528334
203528436
203528980
203529410
203529462
203529916
203530127
203530508
203530637
203531514
203532677
203532979
203533204
203533438
203533691
203533908
203534141
203534221
203534780
203534822
203535869
203535939
203536608
203537343
203537376
203537630
203537726
203538234
203538589
203539060
203539104
203539461
203540079
203540459
203540514
203540932
203541180
203541199
203541578
203541653
203541737
203542181
203542353
203542883
203543099
203543234
203543540
203543742
203544817
203544976
203545148
203545438
203545729
203546280
203546380
203546725
203546930
203546991
203547192
203547866
203548491
203548830
203549352
203549609
203550449
203552832
203553495
203553698
203554104
203554733
203554939
203555454
203555618
203555702
203555765
203555877
203555882
203556395
203556454
203556580
203556894
203556946
203557612
203558262
203558322
203558974
203559274
203559321
203559482
203559787
203560143
203560374
203560839
203560897
203561248
203561438
203561547
203561568
203561592
203561608
203561780
203561855
203561964
203562134
203562342
203562418
203562448
203562489
203563334
203563585
203564572
203564711
203564760
203564894
203565165
203565193
203565369
203565375
203565595
203566002
203566617
203566776
203566859
203567131
203567216
203567576
203567821
203568716
203568988
203569338
203569416
203569437
203569446
203569538
203569751
203569812
203570281
203570795
203570818
203570968
203571155
203571960
203572074
203572190
203572510
203572586
203572673
203572818
203572991
203573036
203573043
203574210
203574213
203574890
203575076
203575097
203575196
203575532
203575561
203575737
203575888
203576375
203576445
203576842
203577664
203577738
203577746
203578008
203578642
203578684
203578894
203579207
203579422
203579711
203580006
203580070
203580343
203580524
203580763
203580990
203581469
203581578
203581738
203582064
203583171
203584042
203584316
203584880
203584959
203585834
203585853
203586616
203587500
203587865
203588078
203589521
203589941
203590557
203591159
203591377
203591684
203592216
203592318
203593245
203594119
203594870
203594961
203595328
203595538
203596544
203596662
203596743
203597101
203597182
203597275
203597399
203597649
203598009
203598058
203598100
203598191
203598787
203598792
203600026
203600027
203600392
203600932
203601100
203602498
203602572
203602695
203602915
203603437
203603443
203603459
203603711
203604121
203604219
203604296
203604373
203604427
203604701
203605520
203606070
203606182
203607543
203608451
203608492
203608670
203608689
203608979
203609153
203609674
203609817
203610315
203610489
203610495
203611010
203611165
203611245
203611454
203611622
203612084
203612462
203612697
203612978
203613027
203613038
203613063
203613206
203613420
203613578
203613853
203614077
203614344
203614460
203614520
203615192
203615194
203615241
203615537
203615624
203615859
203616021
203616120
203616347
203616464
203616776
203616858
203617274
203617398
203617621
203618004
203618299
203618877
203619209
203619538
203619689
203619841
203620010
203620311
203620331
203620439
203621126
203621167
203622155
203622479
203622513
203622550
203622575
203623230
203624045
203624492
203624585
203626618
203626879
203627205
203627299
203627836
203627984
203628895
203628913
203629150
203629366
203629401
203629763
203630192
203630359
203630749
203631587
203631786
203633526
203634044
203634677
203634853
203635099
203635314
203635350
203635654
203636845
203637000
203637578
203637626
203638721
203638801
203638802
203638838
203639241
203640261
203640364
203640790
203641074
203641162
203641227
203641292
203641692
203641927
203642286
203642292
203642680
203643803
203643842
203645597
203645959
203646643
203646920
203647063
203647102
203647359
203647511
203647606
203647744
203647807
203648088
203648382
203648699
203648733
203649630
203649664
203649927
203650221
203650794
203651071
203651378
203651509
203651541
203652400
203652812
203652921
203654111
203654486
203655063
203655590
203655709
203655763
203655839
203656178
203656378
203656717
203656772
203657159
203657287
203659592
203660206
203660335
203660475
203660654
203661254
203661264
203661489
203661540
203661990
203662150
203662161
203663084
203663613
203663761
203664713
203664764
203665215
203665403
203666292
203666496
203667145
203667183
203667889
203668133
203668987
203669331
203669537
203670005
203670413
203670511
203670631
203671327
203671416
203672170
203672315
203673675
203673967
203674537
203674784
203674997
203675173
203675268
203675434
203675505
203675988
203676000
203676298
203676598
203676753
203676870
203677167
203677427
203677560
203678129
203678210
203678376
203678675
203678917
203679002
203679296
203680579
203680846
203681063
203681439
203681586
203681618
203681674
203681741
203681779
203681946
203681995
203682237
203682604
203683442
203683647
203684517
203684622
203684876
203685364
203686088
203686629
203686664
203686713
203686993
203687112
203687122
203687600
203687834
203687919
203688229
203688276
203688941
203689907
203690088
203690248
203690490
203690508
203690974
203691341
203691721
203691745
203692177
203692945
203692974
203693356
203693535
203693682
203694009
203694052
203694395
203694453
203695582
203695909
203696502
203696715
203696730
203696759
203697071
203697083
203698005
203698150
203698683
203698944
203699301
203699525
203699915
203699942
203700170
203701067
203701441
203702274
203702476
203702897
203702931
203703394
203703588
203703627
203704119
203704173
203704410
203705247
203705380
203705702
203705962
203705987
203706011
203706225
203706613
203707030
203707571
203708152
203708860
203710125
203710387
203710443
203711255
203711388
203712350
203712498
203712541
203712669
203712863
203712961
203714358
203714946
203715016
203715625
203715935
203716208
203716778
203717192
203717281
203717603
203717652
203717757
203717800
203718112
203718125
203719691
203719729
203720146
203720226
203720301
203720334
203720901
203721963
203722008
203722075
203722105
203722380
203722543
203723072
203723837
203723849
203723957
203724000
203724420
203724491
203724544
203724639
203724750
203725230
203725791
203726199
203726323
203726579
203726721
203726858
203726913
203727455
203728688
203728742
203728867
203729382
203729415
203729612
203730677
203731143
203731238
203731448
203731593
203731682
203732630
203733006
203733368
203733584
203733671
203733871
203734721
203734795
203734796
203735044
203735292
203735376
203735482
203735630
203735817
203735843
203736690
203736977
203737102
203737540
203737822
203737931
203738139
203738234
203738437
203739098
203740889
203741032
203741078
203742392
203742841
203743016
203743138
203743176
203743224
203743519
203743600
203744574
203745126
203745395
203746077
203746290
203746411
203746451
203746693
203747009
203747290
203747663
203748059
203748107
203748314
203748515
203748709
203748774
203748925
203748970
203749199
203749208
203749486
203749835
203750166
203750172
203752015
203752239
203752278
203752443
203752556
203752634
203752638
203752863
203753201
203754115
203754329
203754460
203754562
203754872
203755075
203755152
203755263
203755342
203755421
203755545
203755720
203755764
203755910
203755951
203756452
203756629
203756810
203756848
203756952
203757218
203757250
203757434
203757935
203757947
203757987
203758027
203758061
203758400
203759143
203759200
203759474
203759581
203760063
203760069
203760426
203760490
203760526
203760751
203760818
203760915
203761110
203761196
203761347
203761420
203761633
203761647
203761970
203762017
203762270
203762599
203762660
203762711
203762896
203763228
203763435
203763661
203763970
203764057
203764242
203764336
203764478
203764842
203764950
203765229
203765346
203765408
203765445
203765697
203766299
203766325
203767155
203768410
203768993
203769068
203769206
203769429
203769522
203770135
203770163
203770817
203771098
203771628
203771871
203771938
203771982
203772166
203772287
203772408
203773345
203773498
203773526
203773753
203773757
203773950
203773973
203774025
203774126
203774294
203774537
203774612
203775363
203775618
203775723
203775843
203776322
203776368
203776656
203776696
203776778
203776880
203777170
203777351
203778586
203778667
203779382
203779425
203779735
203779925
203779952
203779988
203780015
203780331
203780584
203780704
203780864
203781013
203781124
203781195
203781360
203781405
203782083
203782209
203782330
203782547
203782748
203782877
203782883
203783066
203783521
203783770
203783880
203784150
203784155
203784668
203784765
203785010
203785618
203786655
203786695
203787259
203787465
203787619
203787829
203787831
203788275
203788875
203789120
203789121
203789176
203789204
203789507
203790390
203791038
203791169
203791447
203791566
203791661
203792204
203792343
203792496
203793029
203793094
203793271
203793393
203794158
203794640
203795091
203795351
203795464
203795904
203795914
203796059
203796167
203796525
203796672
203796764
203796816
203797224
203797291
203797611
203797665
203798169
203798936
203799360
203799819
203799870
203800022
203800230
203800448
203800512
203801266
203801442
203801558
203802422
203802570
203802615
203802971
203803109
203803135
203803152
203803309
203803358
203803456
203803554
203803651
203803733
203803749
203803860
203803910
203804069
203804426
203804448
203804715
203805104
203805230
203805921
203805962
203806365
203806658
203806725
203806838
203807126
203807321
203807479
203808621
203809777
203811824
203812162
203812371
203812531
203812593
203812594
203812776
203812876
203812971
203813241
203813506
203813745
203813768
203813813
203813843
203813895
203814494
203815027
203815261
203815604
203815621
203815778
203816169
203816481
203816587
203816710
203816761
203817032
203817304
203817648
203817722
203817904
203817906
203817922
203818315
203818486
203818577
203818653
203818786
203819186
203819212
203819556
203819918
203819927
203819963
203820091
203820208
203820543
203820814
203820858
203820868
203820892
203821422
203821836
203822769
203822820
203823365
203823381
203823418
203823744
203823873
203823945
203824291
203824346
203824474
203824559
203824768
203824809
203824879
203825632
203825690
203826025
203826286
203826602
203827023
203827114
203827179
203828297
203828427
203829094
203829139
203829149
203829170
203829406
203829593
203830731
203830898
203831431
203831851
203832125
203832163
203832308
203832317
203832528
203832585
203832926
203833157
203833167
203833177
203833648
203833823
203834503
203834780
203834955
203835087
203835342
203835435
203835493
203836090
203836196
203836260
203836555
203836813
203837005
203837075
203837083
203837110
203837212
203837396
203837414
203837503
203837540
203837572
203837828
203837965
203838046
203838784
203839095
203839819
203840059
203840108
203840841
203840857
203840935
203840941
203840953
203841613
203841820
203842026
203842033
203842398
203842482
203842632
203842665
203843297
203843439
203843724
203843796
203843841
203843850
203844132
203844195
203844276
203844411
203844508
203844571
203845164
203845408
203845425
203845569
203845751
203845771
203845811
203846018
203846043
203846154
203846249
203846302
203846654
203846694
203847038
203847118
203847319
203847387
203847437
203847576
203847583
203847709
203848173
203848262
203848366
203848594
203848626
203848638
203848661
203848704
203849216
203849739
203849922
203850171
203850795
203851555
203851740
203852282
203852411
203852620
203852898
203852931
203853223
203853332
203853956
203854100
203854101
203854495
203854750
203855310
203855311
203855446
203855496
203856041
203856243
203856431
203856892
203857206
203857254
203857357
203857385
203857506
203857755
203858114
203858181
203858692
203859204
203859264
203859539
203859633
203860070
203860121
203860404
203860406
203860544
203860545
203860546
203860852
203861216
203861259
203861461
203862309
203862410
203862452
203862909
203863005
203863025
203863066
203863209
203863296
203863398
203863687
203864032
203864413
203865016
203865042
203865238
203865441
203865462
203866079
203866727
203867004
203867424
203867512
203867652
203867726
203867975
203868319
203868400
203868595
203870097
203870314
203870792
203870911
203870923
203871013
203871153
203871286
203871639
203871805
203871922
203872191
203873064
203873084
203873280
203873627
203873636
203874023
203874281
203874287
203875142
203875465
203875681
203875982
203876051
203876226
203876292
203876472
203876513
203876772
203876897
203877160
203877187
203877228
203878250
203878336
203878369
203878741
203878861
203878912
203879443
203879852
203880854
203881088
203881120
203881724
203881856
203881872
203882149
203882625
203882809
203883043
203883599
203883608
203883921
203884424
203884452
203884569
203884731
203884740
203885854
203887519
203887643
203888046
203888154
203888182
203888325
203888491
203888719
203888951
203889365
203889938
203890554
203891430
203891751
203891886
203892763
203892932
203893115
203893434
203894216
203894375
203894659
203895738
203896277
203896345
203896658
203896794
203897325
203897751
203898112
203898341
203898416
203898546
203899018
203899494
203899497
203899877
203900099
203900905
203901049
203901055
203901304
203901458
203901467
203901582
203901712
203901749
203901793
203901794
203901938
203902450
203902572
203902784
203902911
203903767
203903858
203904033
203904156
203904190
203904212
203904213
203904299
203904426
203904453
203904625
203905359
203905434
203906160
203906604
203906801
203907143
203907224
203907364
203907612
203908052
203908187
203908230
203908658
203908921
203909052
203909356
203909893
203909894
203909943
203910566
203911100
203911624
203911733
203911770
203911919
203912136
203912155
203912192
203912530
203912637
203912674
203912851
203912855
203912953
203913074
203913191
203913635
203913679
203914123
203914186
203914316
203914412
203914960
203915140
203915660
203915766
203916530
203916964
203917082
203917388
203918608
203918961
203919315
203919643
203919645
203920000
203920014
203921221
203921560
203922033
203922108
203922445
203922576
203922660
203923185
203923423
203923457
203924150
203925053
203925481
203925554
203925714
203925795
203925874
203925955
203926358
203926424
203926533
203926667
203926835
203926890
203926947
203926998
203927310
203927435
203928233
203928325
203928560
203928675
203928921
203929216
203929222
203929472
203929496
203929548
203929724
203930069
203930726
203930973
203931024
203931209
203931522
203931628
203932091
203932235
203932318
203932787
203933591
203933869
203934705
203934728
203935000
203935066
203935537
203936575
203936943
203936965
203937768
203938259
203938591
203938834
203938957
203938997
203939340
203939434
203940288
203940534
203940596
203940948
203941210
203941277
203941996
203942275
203942313
203942612
203942620
203943014
203943041
203943509
203943518
203943710
203943799
203943974
203944176
203944338
203944388
203944575
203945512
203946777
203946909
203947055
203947119
203947305
203947434
203947556
203948264
203949130
203949143
203949183
203950559
203951608
203952180
203952761
203953541
203953799
203954364
203954778
203955548
203956555
203956650
203957899
203959118
203959372
203959531
203959628
203959647
203960268
203960448
203961088
203961953
203962043
203962537
203964788
203964886
203965400
203966945
203967152
203967284
203969636
203970083
203970413
203970821
203971263
203971352
203971363
203971715
203972570
203973489
203974215
203974431
203974912
203976234
203976419
203976735
203976792
203976840
203977203
203977678
203978319
203978603
203978911
203979322
203979476
203980095
203980300
203980406
203980417
203980678
203980901
203981162
203981255
203982074
203983242
203983417
203983960
203984913
203986150
203986778
203987224
203987536
203987642
203988544
203989028
203989643
203989848
203989869
203990130
203990309
203990868
203990977
203991463
203992206
203992263
203993016
203993083
203993460
203993506
203993703
203994022
203994505
203994957
203995114
203996191
203997698
203997872
203998168
203998660
203999072
204000055
204000138
204001352
204001769
204003781
204006178
204006183
204007219
204007249
204008796
204009246
204009292
204010955
204011582
204014031
204014276
204015244
204015781
204016697
204017412
204018323
204019034
204019071
204019418
204019947
204021296
204021623
204022485
204022659
204027147
204027480
204028077
204028342
204028567
204028736
204028955
204029544
204030044
204030488
204030790
204031050
204031078
204032438
204032558
204034714
204037553
204037586
204038194
204038221
204038446
204039512
204041370
204041485
204041987
204041995
204042249
204044209
204047021
204047506
204047789
204047957
204050454
204050517
204050701
204050789
204051634
204052299
204052999
204053607
204053721
204053734
204053869
204053905
204054254
204054556
204054966
204056555
204057711
204058102
204058654
204058945
204058949
204059383
204059650
204059804
204060288
204063208
204063301
204063407
204063416
204063716
204064120
204064984
204065863
204066274
204067327
204068621
204069039
204069729
204069910
204069946
204071154
204071719
204072339
204072359
204072482
204073227
204073449
204073806
204074722
204074828
204074965
204076987
204077723
204078676
204078693
204078714
204079832
204079931
204080790
204081030
204081253
204082607
204083110
204083840
204084492
204084586
204084976
204085726
204085934
204087224
204087505
204087841
204087987
204088043
204089450
204089639
204089662
204090311
204090408
204090631
204090835
204091251
204091261
204091434
204092339
204092358
204092553
204092909
204093170
204093879
204093905
204094220
204094346
204094704
204095062
204095259
204095429
204095873
204095980
204096338
204096614
204096784
204096945
204097285
204097505
204097529
204098265
204098452
204098743
204099999
204100828
204101118
204101171
204101308
204101692
204101712
204101866
204102028
204102034
204102385
204102533
204102719
204102731
204102756
204103213
204103388
204103394
204103979
204104421
204104610
204104700
204105253
204107127
204107304
204107348
204108305
204109155
204109336
204109354
204109564
204109747
204109890
204109974
204110546
204110824
204110880
204111099
204111642
204111654
204111943
204111973
204112039
204112508
204112676
204113476
204113538
204113622
204113788
204114050
204114411
204114539
204115036
204115833
204115873
204116252
204117256
204117490
204118128
204118281
204118642
204119545
204120066
204120260
204120295
204121528
204122147
204122624
204123258
204123948
204124131
204124413
204125759
204126451
204127255
204127292
204127717
204128463
204128626
204129044
204129204
204129339
204129360
204129539
204129552
204129643
204130235
204130613
204130665
204131165
204131841
204131913
204132498
204133258
204133711
204134887
204134976
204135468
204136208
204136339
204136564
204137097
204137757
204137809
204139289
204139946
204140160
204140450
204141916
204141939
204142124
204142237
204142826
204144676
204144965
204145930
204145957
204146325
204146468
204147316
204147364
204147919
204148316
204148386
204148486
204148505
204148921
204149061
204149511
204149839
204150724
204151925
204152047
204152372
204152907
204153089
204153461
204154453
204154682
204155569
204156435
204156727
204156737
204157892
204158456
204158475
204158496
204158795
204159556
204159738
204160085
204160195
204160201
204160314
204160430
204160583
204160977
204161083
204161335
204162917
204162968
204163817
204163883
204164422
204164772
204165117
204165167
204165496
204165732
204165838
204166159
204166990
204167063
204167205
204167323
204167660
204169610
204170315
204171006
204171064
204172431
204172789
204172904
204173664
204174100
204174282
204174765
204175046
204175249
204175508
204176271
204176565
204176579
204176682
204176933
204177560
204177576
204179479
204179554
204179774
204179868
204180073
204180712
204180997
204181185
204181302
204181488
204181500
204181543
204182665
204183007
204183427
204183490
204183588
204184839
204185154
204185181
204185325
204185461
204186228
204186426
204186716
204187093
204187272
204187351
204187775
204188014
204188057
204188956
204189260
204189631
204189701
204190396
204190874
204191130
204191513
204193074
204193444
204193578
204194036
204194822
204194895
204195050
204195987
204196476
204196485
204196662
204196768
204196915
204197411
204197636
204198376
204199401
204200213
204200683
204200826
204201027
204201216
204201312
204201883
204202102
204202200
204202448
204203798
204204469
204204888
204204973
204205226
204205765
204205908
204206001
204206236
204206406
204206497
204206848
204206902
204207030
204207293
204207667
204207669
204208135
204209566
204209580
204210270
204210568
204210637
204210699
204211819
204211946
204212320
204212363
204212731
204212976
204213094
204213417
204213455
204213906
204213977
204214789
204216128
204216461
204216538
204217166
204217187
204217505
204217530
204217995
204218622
204218660
204219542
204219565
204220674
204220756
204221263
204221658
204222250
204222666
204222862
204223438
204224190
204224280
204224284
204224321
204224379
204225760
204225764
204226581
204226609
204226689
204226709
204226781
204226809
204227338
204227925
204227966
204228063
204228223
204228920
204229004
204229017
204229073
204229560
204229735
204229768
204230249
204230299
204230492
204230495
204230827
204231158
204232199
204232269
204232829
204234295
204234506
204235660
204236131
204236173
204236174
204236671
204236746
204236756
204236797
204236990
204237023
204237637
204237722
204238210
204238218
204238236
204238842
204239132
204239176
204239501
204239592
204239607
204240331
204240601
204241221
204241377
204241921
204242194
204243708
204243734
204243913
204244182
204244466
204244604
204245283
204245353
204245943
204246013
204246261
204246729
204247254
204247811
204248419
204248564
204248645
204252005
204252387
204252445
204252462
204252716
204254286
204254303
204254456
204254519
204255128
204255263
204255417
204255611
204255920
204256036
204256325
204256400
204256913
204257199
204257297
204257512
204257701
204258130
204259967
204260138
204260295
204260345
204260890
204260968
204261067
204262271
204262828
204262903
204263337
204263776
204265032
204265048
204265061
204265204
204265209
204265453
204266122
204266708
204266989
204268562
204268827
204269337
204270160
204270804
204271230
204271913
204271957
204272123
204272126
204272731
204273230
204273333
204273674
204274474
204274693
204275033
204275217
204277494
204277679
204278258
204278333
204278623
204278632
204278663
204278916
204279945
204280039
204280250
204280332
204281532
204281910
204282114
204282242
204282255
204282343
204282669
204282779
204283117
204283436
204284345
204284448
204284515
204285302
204285373
204285558
204285995
204286411
204286599
204286970
204287337
204287667
204287869
204287880
204288125
204288273
204289154
204289171
204289732
204289773
204292078
204292409
204292739
204293588
204294331
204294403
204294596
204295043
204295398
204296050
204296355
204296495
204296660
204296786
204296831
204297121
204297587
204297738
204299243
204299645
204299951
204300017
204300255
204300342
204300404
204301179
204301343
204301359
204301948
204302439
204303571
204303682
204303710
204303784
204304161
204305373
204305431
204305632
204305663
204305980
204307058
204307170
204307887
204308223
204308982
204309335
204309340
204309371
204309429
204309664
204309679
204309814
204310064
204310178
204310187
204310706
204311474
204311626
204312491
204312816
204312938
204312966
204313508
204313577
204313914
204314351
204314858
204315134
204316288
204316568
204316665
204317053
204317229
204317525
204318014
204318224
204318494
204318539
204319522
204319633
204319673
204319896
204319945
204320534
204320542
204320543
204320917
204321463
204322265
204322706
204322860
204323508
204323703
204323829
204323953
204324149
204324213
204324250
204324504
204325148
204325336
204326696
204327800
204327954
204328467
204328597
204328832
204328911
204329007
204329402
204329634
204329852
204330772
204330868
204331063
204331180
204331360
204332779
204333016
204333333
204334435
204334462
204334861
204335180
204336523
204336752
204337382
204337503
204337755
204338394
204338784
204339150
204339393
204339463
204340168
204340681
204341134
204341224
204341456
204341803
204341806
204341850
204342099
204342846
204343021
204343212
204343498
204343669
204343726
204344198
204344863
204345080
204345520
204345871
204346551
204346960
204347088
204347098
204348206
204349150
204349602
204349776
204349828
204350697
204351804
204352020
204353339
204354011
204354278
204355700
204356572
204356633
204356763
204356883
204357215
204357531
204357843
204358263
204358300
204358459
204359431
204360212
204361003
204361087
204361349
204361925
204361957
204362314
204363860
204364063
204364070
204364577
204364861
204365160
204365840
204365964
204366510
204366852
204367016
204367097
204367110
204367193
204368145
204368162
204368884
204368929
204369652
204369791
204370385
204371449
204371512
204371613
204371762
204371831
204372172
204372728
204373003
204373129
204373425
204373724
204374502
204374716
204374720
204374865
204375448
204375943
204376221
204376744
204377301
204377698
204378994
204379986
204380054
204380222
204380762
204380816
204381029
204381718
204381812
204382706
204382935
204383159
204383229
204384427
204385179
204386038
204386649
204387136
204387654
204388269
204388645
204389240
204389398
204389428
204389598
204389739
204390073
204390346
204391751
204392224
204392321
204393725
204393834
204394496
204394754
204395172
204395393
204395556
204395595
204396306
204396432
204396558
204396839
204397023
204397322
204397647
204397707
204398248
204398482
204398593
204398595
204398880
204399436
204399469
204399646
204399972
204399980
204401119
204401309
204401671
204401707
204401828
204402516
204402941
204403308
204404032
204404208
204404267
204405099
204405450
204405913
204405951
204406761
204406951
204407109
204407509
204407756
204408216
204408610
204408716
204409749
204410277
204410550
204410597
204410662
204411412
204411451
204411481
204411519
204411563
204411939
204412028
204412781
204413158
204413421
204413519
204413537
204413855
204414136
204414516
204414576
204414721
204414796
204415041
204415532
204416125
204416487
204416649
204416991
204418005
204418038
204418312
204418929
204419255
204419353
204419633
204419923
204420682
204421140
204421329
204421523
204421712
204422347
204422388
204422391
204423165
204423263
204423458
204425819
204425993
204426123
204426125
204426453
204426847
204426862
204427026
204427265
204428066
204428210
204428356
204428526
204429306
204430708
204432184
204432818
204433077
204433377
204434692
204434699
204434874
204436337
204436360
204436369
204437399
204437747
204438184
204438478
204438646
204439731
204439854
204440160
204441070
204441234
204442671
204443165
204443528
204443700
204444232
204446324
204446383
204446715
204447226
204447423
204447432
204447737
204448129
204448135
204448149
204448447
204449274
204450150
204450184
204450240
204450273
204450531
204450610
204451204
204451641
204451979
204452333
204452977
204453018
204453116
204454159
204454423
204454572
204455027
204455160
204455835
204457262
204457416
204457473
204458411
204458809
204458863
204458892
204458897
204459610
204460175
204460350
204460380
204460638
204461278
204461403
204461980
204462260
204462316
204463289
204463355
204463471
204464078
204464651
204464669
204465053
204465155
204465175
204465209
204465219
204465794
204466220
204466400
204466453
204466808
204466839
204467024
204467032
204467341
204467485
204467834
204468175
204469079
204469410
204469518
204469533
204469598
204469634
204469730
204469861
204469874
204469985
204470045
204470205
204470388
204470446
204470998
204471007
204471131
204471211
204471263
204471625
204471830
204472302
204472314
204472342
204472605
204473202
204473787
204474434
204474702
204474816
204474909
204475005
204475028
204475280
204475555
204475913
204476122
204476372
204476481
204476897
204477523
204477940
204477998
204478627
204478865
204479015
204479022
204479106
204479355
204479874
204480434
204480592
204481173
204481544
204481779
204482608
204482703
204482878
204483158
204483334
204484191
204484583
204485058
204485085
204485348
204486919
204487564
204487825
204488355
204488826
204488943
204490732
204491425
204491772
204492837
204492891
204494176
204494885
204495262
204495320
204495373
204495418
204495679
204495832
204496025
204497177
204497808
204497946
204498489
204498658
204498681
204498793
204499086
204499729
204500111
204500626
204501495
204501718
204501836
204502108
204502124
204502354
204503126
204503274
204503354
204504266
204505345
204505794
204506141
204506161
204506283
204506350
204506357
204506663
204506762
204506926
204507327
204507431
204507607
204508330
204508469
204508731
204508920
204508969
204508988
204510037
204510159
204510614
204510819
204511320
204511517
204511837
204513189
204513523
204513683
204514384
204514443
204514666
204514933
204514935
204515674
204515872
204515925
204516123
204516321
204516322
204516435
204516640
204516937
204517021
204517354
204517607
204517858
204518342
204518765
204518823
204520494
204521572
204522105
204522817
204523049
204523404
204524000
204524139
204524405
204524571
204524656
204524832
204525479
204525484
204525956
204527196
204527316
204528332
204529033
204529337
204529342
204529495
204529500
204529915
204529972
204530156
204530328
204530372
204530429
204530627
204530797
204530950
204531092
204531412
204531562
204531672
204531973
204532250
204532434
204532470
204533279
204533386
204533587
204533691
204533734
204534017
204534801
204535199
204535464
204535503
204536336
204536362
204536364
204536734
204536762
204537293
204537778
204537912
204538187
204538257
204538314
204538849
204539970
204540548
204541446
204541737
204542778
204542825
204542983
204543107
204543124
204543142
204543256
204543319
204544482
204544974
204545360
204545769
204546069
204546592
204546899
204547140
204547730
204547830
204548325
204548496
204548699
204548796
204549067
204549201
204549815
204550045
204550068
204550288
204550494
204550630
204550865
204550974
204552078
204552107
204552219
204552876
204553302
204553956
204554152
204554217
204554571
204554657
204554854
204555283
204555623
204555809
204556019
204556098
204556286
204556449
204556947
204557109
204557552
204557565
204557928
204559031
204559241
204559358
204559405
204559452
204559464
204559829
204560138
204560191
204560252
204560404
204561853
204562243
204562854
204563642
204563994
204564011
204564550
204564600
204564857
204565170
204565177
204565688
204565943
204566394
204567192
204567310
204567551
204567690
204567867
204568194
204569272
204569463
204569553
204569741
204569882
204570856
204570889
204570929
204571034
204571451
204571956
204572832
204573023
204573309
204573420
204573488
204573983
204574495
204574767
204575044
204576109
204576902
204577308
204577326
204577371
204577839
204578368
204578450
204578532
204578601
204579463
204580640
204580871
204581236
204581550
204582637
204583008
204583402
204584450
204584470
204585034
204585236
204585355
204586014
204586213
204587060
204587134
204587307
204587518
204587833
204587875
204587958
204588917
204589303
204589989
204590210
204590320
204590708
204590812
204591066
204591107
204591111
204591115
204591195
204591466
204591510
204591781
204591963
204592005
204592018
204592208
204592491
204592793
204593016
204593441
204594397
204594416
204594663
204594798
204594876
204595607
204595660
204595822
204596092
204596121
204596612
204596854
204596957
204597026
204597784
204597898
204598218
204598378
204598526
204598658
204598989
204599418
204599737
204600049
204600141
204600654
204600784
204601067
204601166
204602441
204603511
204603524
204603680
204604063
204604255
204604592
204605768
204605850
204605854
204608032
204608895
204608929
204609545
204609660
204610439
204610472
204611174
204611352
204611939
204611967
204612090
204614662
204614722
204614860
204615612
204615786
204616366
204616468
204617131
204617425
204617495
204617981
204618526
204618738
204618921
204618981
204619068
204619190
204619250
204619529
204619994
204621211
204621279
204621617
204621928
204622217
204622420
204623143
204623732
204624076
204624437
204626051
204627522
204629368
204629625
204629748
204629750
204630031
204630075
204630480
204630508
204630573
204631251
204631686
204632288
204632347
204632767
204632956
204633165
204633617
204633779
204634331
204634789
204635180
204635369
204635409
204636533
204636835
204637319
204638008
204638057
204638066
204638189
204638350
204638946
204638966
204639156
204639284
204639761
204639787
204639965
204640326
204640934
204641969
204642667
204642686
204642766
204642902
204642986
204643022
204643096
204643142
204643729
204644457
204645389
204645426
204646386
204648622
204648756
204648785
204649203
204649301
204649479
204650031
204650226
204650468
204651355
204652078
204652198
204652433
204652729
204653232
204653283
204653862
204654148
204654652
204655095
204655409
204655920
204656228
204656488
204657555
204657635
204657685
204658218
204659040
204659255
204659304
204659585
204660036
204660281
204660343
204660755
204660779
204661482
204661756
204661834
204662182
204662220
204662253
204662418
204662927
204662946
204662993
204663209
204663699
204663760
204664037
204665457
204666545
204667098
204667408
204668247
204669171
204669200
204669346
204669540
204669608
204669649
204669670
204669907
204670729
204671059
204671202
204672419
204672838
204673123
204674504
204674604
204676174
204676375
204676499
204677170
204677451
204677782
204678628
204680702
204680774
204684945
204685678
204687071
204687680
204688281
204688504
204692746
204693527
204693979
204695044
204696799
204697641
204698213
204699206
204700090
204700374
204701977
204702657
204703174
204705097
204706922
204706958
204709576
204709620
204712281
204712622
204714858
204716087
204716138
204719438
204719527
204721217
204724083
204724690
204725783
204726927
204727474
204728648
204729454
204732827
204732950
204735377
204735523
204736288
204738332
204739022
204739489
204739900
204741303
204743304
204746346
204748421
204750116
204750149
204750547
204750568
204750724
204751434
204751605
204752410
204753061
204753575
204754061
204754834
204754843
204754938
204755074
204755264
204756255
204756380
204756569
204756739
204757126
204757323
204757974
204758064
204758137
204758191
204758977
204759270
204760550
204760820
204761201
204761352
204761870
204762170
204762371
204763271
204763843
204763991
204764159
204764619
204765047
204765157
204765506
204765538
204765615
204766039
204766112
204766132
204766425
204766884
204767198
204767527
204768459
204768550
204770222
204770597
204770668
204771328
204771405
204771653
204771663
204771836
204772034
204772082
204772855
204772896
204772967
204773502
204773528
204773577
204773717
204773973
204773977
204774029
204774995
204775006
204776446
204776526
204776585
204776879
204777465
204777833
204778117
204778131
204778458
204778571
204778814
204779937
204780092
204780592
204780657
204781117
204781543
204781954
204782477
204782674
204782681
204782880
204783273
204783532
204783624
204783639
204783645
204783933
204784119
204784803
204784990
204785018
204785073
204785523
204785962
204786226
204786283
204786674
204786815
204787022
204787264
204787360
204787746
204787981
204788101
204788760
204789057
204789221
204790394
204790645
204791347
204791969
204792010
204792231
204792440
204792517
204792893
204793480
204794136
204794451
204795522
204795764
204795812
204796368
204796483
204796553
204796631
204796900
204797191
204798819
204799314
204799580
204800098
204800531
204800691
204801429
204801632
204801837
204801889
204801910
204802181
204802288
204802698
204802828
204803113
204803487
204803863
204804126
204804605
204804846
204805053
204805399
204805785
204805886
204806130
204806818
204806962
204806963
204807094
204807097
204807190
204807299
204807476
204807676
204807901
204807944
204808107
204808234
204808632
204809082
204809130
204809256
204809642
204809795
204810831
204810876
204810888
204811388
204812073
204812090
204812127
204812234
204812683
204812999
204813097
204813923
204814575
204814617
204814920
204815741
204815867
204816168
204816591
204816892
204816955
204816966
204817291
204817889
204818134
204818702
204819517
204819741
204819962
204820200
204820244
204820565
204820935
204821006
204821324
204821331
204821423
204821542
204821544
204822334
204822385
204872664
204873074
204873231
204873515
204873932
204873961
204874122
204874451
204874465
204874467
204874902
204875032
204875182
204875255
204875399
204875523
204875746
204875972
204876157
204876304
204877083
204877156
204877242
204877382
204877621
204877730
204877891
204878091
204878319
204878560
204878579
204878738
204878839
204878921
204878929
204879934
204879995
204880255
204880308
204881021
204881319
204881511
204881755
204881830
204882075
204882402
204882906
204883103
204883226
204883394
204883524
204883534
204883797
204884005
204884238
204884711
204884737
204884918
204885050
204885286
204885424
204885787
204886197
204886685
204886732
204886786
204886812
204886827
204887003
204887392
204888205
204888276
204888634
204888733
204889143
204889438
204889612
204889617
204890451
204890511
204890838
204890909
204891043
204891092
204891254
204891389
204891405
204891728
204891816
204892517
204893243
204893427
204893820
204893905
204894453
204894591
204894642
204894827
204895307
204895487
204895519
204895771
204896345
204896403
204896541
204896724
204896961
204897045
204897238
204898162
204898379
204898935
204898985
204899054
204899099
204899241
204899258
204899497
204899654
204899977
204900010
204900403
204900652
204901091
204901097
204901254
204901362
204901507
204901851
204901973
204901986
204902463
204902670
204902690
204903039
204903139
204903404
204903689
204904116
204904476
204904507
204904651
204905070
204906074
204906496
204907044
204907137
204907222
204907256
204907443
204907615
204907672
204907707
204907860
204908496
204908616
204908979
204909065
204909121
204909317
204909416
204909514
204909708
204909875
204909973
204910303
204910385
204910436
204910899
204910907
204911243
204911463
204911754
204912085
204912173
204912220
204912320
204912449
204912651
204912777
204912854
204912905
204913731
204913866
204914019
204914119
204914155
204914585
204914603
204914769
204914864
204914881
204915047
204915223
204915295
204916026
204916354
204916511
204916520
204916860
204917002
204917514
204917754
204917787
204918205
204918755
204918847
204918910
204918969
204919190
204919573
204920368
204920427
204920564
204920712
204920903
204921030
204921064
204921266
204921406
204921421
204921577
204921773
204921957
204922278
204922971
204923231
204923317
204923433
204923488
204923496
204923505
204923980
204924004
204924055
204924087
204924210
204924308
204924365
204924700
204925041
204925192
204925387
204925392
204925469
204925628
204925720
204925894
204926239
204926377
204926426
204926551
204926902
204927022
204927067
204927331
204927997
204928057
204928174
204928231
204928380
204928400
204928484
204928567
204928645
204929436
204929719
204930239
204930285
204930374
204930546
204931127
204931380
204931741
204931829
204931878
204932578
204932637
204933042
204933075
204934315
204934368
204934624
204934678
204935031
204935362
204935395
204935419
204936157
204936650
204936821
204936839
204936958
204937095
204937268
204937336
204937448
204937673
204937785
204938027
204938208
204938224
204938763
204939130
204939237
204940056
204940072
204940173
204940701
204941072
204941199
204941366
204941712
204941999
204942125
204942133
204942159
204942350
204942583
204942616
204942657
204942945
204943168
204943869
204944137
204944166
204944361
204944526
204944583
204944604
204944774
204944872
204944988
204945440
204945713
204945749
204945807
204946000
204946245
204946263
204946603
204946751
204946948
204947028
204947135
204947661
204948052
204948727
204948939
204949076
204949347
204949414
204949457
204949834
204951022
204951731
204952158
204952234
204952305
204952541
204952985
204953205
204953218
204953694
204953884
204953986
204954090
204954303
204954485
204954605
204955385
204955747
204955789
204955934
204956098
204956254
204956404
204956754
204956854
204957212
204957354
204957419
204957650
204957888
204958441
204958523
204958675
204958900
204959369
204959391
204959440
204959573
204959612
204959839
204959900
204959958
204960069
204960212
204960487
204960909
204960911
204960942
204961267
204961271
204961335
204961808
204962319
204962330
204962697
204962763
204962793
204962939
204963273
204963302
204963646
204963839
204964032
204964091
204964919
204965221
204965472
204965950
204966182
204966358
204966457
204966489
204966512
204966609
204967028
204967162
204967744
204968278
204968515
204968603
204968977
204969297
204969971
204970248
204970434
204970690
204970873
204971069
204971078
204971139
204971722
204971805
204972266
204972675
204972716
204972810
204973019
204973032
204973082
204973481
204973539
204973550
204974228
204975020
204975077
204975129
204975131
204975449
204975685
204976247
204976268
204976331
204976380
204976694
204976722
204976844
204976883
204977351
204977567
204978185
204978595
204978602
204978688
204978784
204978996
204979007
204979076
204979313
204979325
204979527
204979571
204979603
204979758
204979761
204980115
204980243
204980408
204980449
204980805
204980917
204981058
204981060
204981119
204981475
204981494
204981564
204981870
204982039
204982486
204982954
204983292
204983617
204983644
204983728
204984482
204984595
204985025
204985318
204985460
204985646
204985666
204986058
204986111
204986144
204986244
204986301
204986346
204986614
204987049
204987123
204987170
204987216
204987635
204987685
204987698
204987954
204988228
204988230
204988298
204988311
204988405
204988455
204989565
204990105
204990107
204990358
204990568
204990712
204990892
204991063
204991282
204991357
204991703
204991712
204991970
204992173
204992483
204992743
204992818
204992910
204992927
204993098
204993110
204993167
204993318
204993394
204993795
204993796
204994028
204994041
204994054
204995419
204995533
204995620
204995691
204995748
204995794
204996064
204996621
204996627
204996897
204997278
204997302
204997306
204997796
204997877
204998029
204998037
204998331
204998517
204998661
204998674
204998735
204998766
204998768
204999051
204999591
204999930
204999971
205000255
205000379
205000580
205001150
205001290
205001306
205001738
205002291
205002298
205002311
205002370
205002988
205003087
205003110
205003182
205003250
205003579
205003914
205003986
205004017
205004246
205004288
205004496
205004509
205005019
205005158
205005733
205005745
205005755
205005878
205005988
205006038
205006127
205006767
205006806
205007777
205007855
205008165
205008254
205008586
205008736
205009191
205009419
205009432
205009615
205009665
205010350
205010408
205010433
205010589
205010775
205010945
205010952
205011458
205011866
205012342
205012644
205013160
205013420
205013931
205014010
205014729
205014996
205015083
205015151
205015160
205015400
205015445
205015543
205015618
205015732
205016151
205016423
205016462
205016520
205016548
205017198
205017453
205017602
205017661
205017691
205017951
205019025
205019592
205019678
205019738
205019740
205019767
205020002
205020037
205020433
205020556
205020658
205020711
205021051
205021526
205021542
205021872
205021906
205022214
205022825
205022956
205022989
205023164
205024303
205024586
205024848
205025004
205025028
205025149
205025154
205025284
205025288
205025627
205026676
205026745
205027573
205028001
205029268
205029786
205029914
205030030
205030103
205030321
205030679
205030871
205031007
205031131
205031544
205031951
205031980
205032123
205032145
205032403
205032741
205033060
205033173
205033177
205033233
205033417
205033452
205033708
205033856
205033974
205034095
205034564
205034667
205034675
205034961
205035248
205035453
205035811
205036158
205036291
205036388
205036515
205036581
205036674
205036829
205037179
205037664
205038122
205038246
205038529
205038538
205039921
205040031
205040048
205040078
205040289
205040435
205040478
205040605
205040709
205041808
205041893
205042039
205042238
205042301
205042315
205042363
205042404
205042883
205043584
205043621
205044013
205044418
205044647
205045078
205045274
205045328
205045749
205045923
205045944
205045966
205046119
205046315
205046323
205046548
205046570
205046761
205046916
205047169
205047210
205047375
205047533
205047565
205047823
205047831
205048103
205048194
205048757
205048864
205048884
205049221
205049245
205049930
205050231
205050238
205050298
205050356
205050411
205050868
205051076
205051537
205052326
205052537
205052980
205053182
205054069
205054105
205054446
205054552
205055067
205055384
205055708
205056808
205057416
205057755
205057944
205058064
205058278
205058313
205058409
205058464
205058494
205058836
205059710
205060256
205060324
205060328
205061046
205061092
205061156
205061220
205061370
205062204
205062229
205062600
205062676
205062736
205062797
205063111
205063201
205063236
205063387
205063980
205063989
205064383
205064579
205065129
205065290
205065337
205066382
205066567
205066707
205067223
205067250
205067365
205067468
205067502
205067877
205068164
205068387
205068629
205068813
205069410
205069520
205069665
205069752
205069792
205069877
205070210
205070620
205070653
205071047
205071312
205071330
205071663
205071982
205071984
205072259
205072493
205072866
205073379
205073461
205073483
205074002
205074208
205074317
205074333
205074556
205074680
205074996
205075009
205075015
205075018
205075313
205075519
205075609
205076578
205076618
205076699
205076795
205076828
205076916
205077768
205078394
205079084
205079762
205079847
205080089
205080472
205080582
205080958
205081379
205081409
205081573
205081834
205081985
205082498
205082599
205083339
205083344
205083645
205083817
205084205
205084723
205084770
205084841
205085313
205085384
205085890
205085965
205086317
205086744
205087465
205087638
205087757
205087771
205087956
205087971
205088102
205088292
205088557
205088645
205088725
205089000
205089268
205089948
205090216
205090277
205090446
205091262
205091401
205091783
205091879
205092406
205092492
205092787
205092842
205092977
205093293
205093399
205093461
205093547
205093729
205094191
205094421
205094551
205094917
205095092
205095118
205095721
205096407
205096742
205097100
205097135
205097216
205097367
205097372
205097539
205097572
205098044
205098090
205098127
205098244
205098384
205099153
205099556
205099948
205100604
205100889
205100995
205101040
205101403
205101501
205101541
205101561
205101682
205101819
205102096
205102518
205102543
205102546
205102702
205102834
205103267
205103282
205103558
205103586
205104403
205104779
205104829
205105119
205105607
205105741
205105829
205105965
205106881
205107250
205107290
205107721
205108530
205108579
205108784
205109222
205109264
205109341
205109356
205109484
205109513
205109515
205109565
205109605
205109795
205110000
205110010
205110170
205110261
205110548
205110634
205110823
205111222
205111400
205111664
205111929
205112085
205112238
205112614
205112751
205112787
205112918
205112955
205113006
205113150
205113156
205113261
205114117
205114690
205114806
205114924
205115343
205115367
205115425
205115977
205115982
205116151
205116405
205116442
205116568
205117075
205117777
205117891
205118499
205118550
205119043
205119378
205119619
205119620
205119652
205119753
205119842
205119922
205120394
205120471
205120486
205120632
205120652
205120734
205121036
205121164
205122024
205122190
205122602
205122714
205122931
205123115
205123200
205123210
205123559
205124010
205124178
205124431
205124893
205124896
205124901
205125028
205125047
205125088
205125186
205125281
205125952
205125965
205126069
205126510
205126523
205126803
205127050
205127105
205127253
205127483
205127819
205128250
205128582
205129536
205129674
205129746
205130003
205130075
205131031
205131034
205131239
205131256
205131399
205132456
205132555
205132605
205132809
205132920
205133262
205133541
205133646
205134868
205135249
205135328
205135548
205135809
205136162
205136321
205136924
205137277
205137523
205138669
205138926
205139285
205139287
205139790
205140090
205140183
205140535
205140657
205141078
205141149
205141301
205141713
205141984
205142178
205142439
205142459
205142650
205143061
205143069
205143192
205143340
205143439
205144279
205144339
205144549
205145046
205145778
205145881
205146011
205146098
205146145
205147293
205147314
205147500
205147600
205147694
205147787
205147915
205148081
205148499
205148558
205148685
205148699
205148857
205148949
205149335
205149435
205149515
205149661
205149691
205149798
205149907
205150091
205150158
205151209
205151213
205151354
205151520
205151572
205151635
205151997
205152019
205152172
205152398
205152457
205152822
205152835
205152883
205152912
205153461
205153791
205154547
205154742
205155147
205155208
205155432
205155482
205155727
205155964
205156004
205156353
205156547
205156570
205157093
205157212
205157538
205157584
205157696
205157710
205158254
205159192
205159296
205159820
205159986
205160176
205160696
205161474
205161686
205161826
205161954
205162102
205162794
205163394
205163739
205163752
205163896
205163989
205164304
205164526
205164633
205165467
205165591
205165703
205165730
205165902
205165957
205166064
205166311
205166367
205166435
205166502
205166730
205167163
205167347
205167411
205167656
205167859
205167987
205168194
205168266
205168477
205168651
205168875
205169391
205169980
205170082
205170188
205170468
205170568
205170731
205170738
205170918
205171048
205171098
205171245
205171835
205172012
205172112
205172442
205172469
205172897
205172974
205173226
205173377
205173721
205174451
205174531
205174554
205174609
205174945
205175141
205175220
205176039
205176096
205176337
205176971
205177026
205177185
205177190
205177536
205177641
205177878
205177879
205178342
205178493
205178598
205178775
205179071
205179608
205179641
205179751
205179802
205179858
205180022
205180395
205180407
205181107
205181202
205181377
205181574
205181721
205181745
205181867
205182007
205182574
205182725
205183012
205183067
205183426
205183505
205183565
205183708
205183935
205184089
205184468
205184529
205184531
205184665
205185375
205185409
205185517
205185550
205185554
205186136
205186193
205186215
205186866
205188549
205188843
205189109
205189166
205189244
205189387
205190050
205190089
205190096
205190132
205190537
205190575
205190579
205190828
205190899
205190938
205191640
205191965
205192239
205192360
205192784
205192948
205193796
205194073
205194104
205194216
205194318
205194330
205194655
205195088
205195327
205195644
205195788
205196003
205196029
205196102
205196235
205196284
205196493
205196514
205196662
205196764
205197137
205197193
205197612
205197685
205198322
205198918
205199225
205199522
205199932
205200305
205200595
205200693
205201325
205201557
205201824
205201954
205201996
205202447
205202837
205203291
205203719
205204289
205204424
205205305
205205452
205206846
205207315
205207562
205207889
205208289
205208406
205208701
205209962
205209979
205210347
205210761
205211518
205211722
205211799
205211890
205212177
205212445
205212534
205212602
205212660
205212908
205213532
205213994
205214091
205214296
205214426
205214550
205214628
205214650
205214777
205215224
205215307
205215572
205215944
205215945
205216049
205216087
205216147
205216176
205216779
205216938
205217369
205217434
205218240
205218562
205218855
205218941
205219159
205219421
205219480
205219666
205219927
205220453
205220859
205221070
205221477
205221494
205221857
205222159
205222501
205222653
205222822
205222823
205223827
205224445
205224522
205224861
205224877
205224899
205225522
205225595
205225995
205226601
205226863
205226987
205227115
205227262
205227505
205228383
205228785
205229064
205229185
205229915
205230506
205230540
205230859
205230952
205231521
205231982
205232236
205232613
205233143
205233430
205234483
205234643
205234996
205235724
205236368
205236434
205236733
205236966
205237028
205237383
205238730
205238852
205239048
205239447
205239509
205239609
205239628
205239899
205239970
205240299
205240529
205240599
205241505
205242558
205242733
205243285
205243481
205243970
205245403
205247324
205247422
205248587
205249146
205249199
205249328
205249634
205249665
205250261
205250564
205250883
205250892
205253042
205253063
205253870
205253903
205253912
205254138
205254161
205254228
205254635
205255203
205255264
205255309
205255342
205256771
205256914
205257403
205258053
205258327
205259072
205259374
205259559
205260205
205260668
205261088
205263468
205264172
205264223
205264343
205264486
205264606
205265213
205266163
205269769
205270515
205271075
205272180
205272592
205273024
205274808
205275507
205276072
205277030
205277130
205277199
205277255
205277630
205277636
205278150
205278326
205278347
205279534
205279991
205281353
205282539
205283309
205284338
205284809
205285419
205285645
205285749
205285971
205286327
205286615
205289358
205290021
205291473
205291558
205291879
205294131
205294454
205295201
205295561
205295982
205297096
205299564
205299806
205299809
205299870
205300017
205300382
205301726
205302258
205302649
205302810
205303885
205303993
205304445
205305368
205305409
205307505
205308135
205308238
205309900
205310649
205311975
205312275
205313098
205314390
205315503
205317432
205317826
205318182
205318567
205318586
205319140
205319863
205320071
205320173
205321472
205322088
205322466
205322550
205322591
205322657
205324803
205325231
205325317
205325796
205327575
205328913
205330279
205332164
205332799
205334034
205335900
205335969
205336953
205338746
205338786
205339436
205339525
205339796
205344111
205345185
205345969
205347686
205353392
205353395
205353724
205353822
205355408
205355468
205355733
205358744
205359095
205359726
205360646
205360933
205361581
205361920
205362294
205363972
205364476
205365597
205365727
205367707
205367980
205368934
205369785
205370086
205370335
205370897
205370906
205370989
205371335
205372074
205372530
205372850
205373596
205373642
205374736
205374909
205375001
205376470
205376873
205377096
205377483
205378117
205378704
205378839
205381346
205382407
205382868
205384243
205385041
205386614
205387342
205388813
205389042
205389796
205390128
205390789
205393078
205394104
205394168
205394688
205395448
205395454
205396341
205396809
205398387
205399097
205399260
205401224
205401387
205401494
205402918
205403980
205404337
205404447
205404581
205404604
205407607
205408249
205408261
205408843
205409008
205409949
205410318
205410520
205411972
205412155
205412688
205413426
205413713
205413990
205414900
205415311
205415866
205416750
205417334
205417649
205417915
205420315
205422831
205423690
205424783
205425299
205425507
205425787
205426796
205427577
205427662
205428468
205430135
205430596
205430644
205431057
205431266
205431911
205431971
205432375
205432919
205433402
205435569
205435602
205436345
205437002
205437462
205437549
205438379
205438442
205438604
205440132
205441688
205441962
205443233
205443747
205444002
205445077
205445653
205445820
205446185
205447353
205447486
205447528
205448197
205448574
205449311
205449501
205449540
205450493
205450653
205450882
205450888
205451987
205452110
205452288
205452967
205453328
205453415
205453493
205453725
205453988
205454412
205455280
205456016
205456435
205456628
205456757
205456956
205457342
205457507
205457839
205458337
205458924
205458929
205459244
205459408
205459544
205459798
205460249
205460252
205460603
205461550
205461654
205462610
205462661
205462695
205462728
205463076
205463296
205463688
205463729
205464932
205465014
205465639
205465931
205466112
205466419
205466447
205466592
205466941
205467712
205468535
205468949
205469068
205469201
205469221
205470049
205470116
205470372
205470445
205470830
205471020
205471038
205472182
205472291
205472539
205473034
205473114
205473362
205473448
205474653
205474818
205474832
205475294
205475398
205475554
205476057
205476368
205476571
205478082
205478368
205478634
205478666
205479502
205479705
205479733
205479979
205480357
205481228
205481400
205481711
205481974
205482349
205483008
205483055
205483222
205484095
205484610
205485262
205486030
205486147
205486416
205487295
205487505
205487587
205487985
205488290
205488745
205488774
205488776
205488952
205490436
205490554
205490933
205490969
205491852
205492199
205492612
205492797
205493164
205493304
205493432
205493678
205493988
205494321
205494478
205494626
205495347
205495440
205497027
205497652
205497794
205497833
205497885
205498549
205498810
205499004
205499024
205499743
205500521
205501782
205502307
205502491
205502492
205503006
205503762
205503830
205503984
205504328
205504916
205505109
205505626
205505636
205505774
205505827
205505856
205505981
205507185
205507768
205508157
205508519
205508906
205509482
205510277
205510372
205510410
205510446
205510801
205512216
205512291
205512575
205512687
205512883
205513032
205513079
205513283
205513535
205514162
205514212
205514770
205515141
205515374
205515428
205516243
205516909
205517494
205518178
205518396
205518830
205519083
205519771
205520273
205520610
205521330
205522301
205522592
205522741
205522782
205522891
205522980
205523081
205523250
205523624
205524306
205524416
205524708
205524749
205524796
205525144
205525245
205525316
205525430
205525452
205526094
205526439
205526761
205527339
205527458
205527690
205528856
205528879
205529348
205529426
205530323
205530950
205531361
205531619
205531782
205532044
205532105
205532765
205533239
205533492
205533661
205533966
205534155
205534620
205535348
205536351
205536984
205537196
205537645
205538077
205538404
205538580
205538685
205538724
205539898
205539969
205540070
205540431
205540491
205540671
205540975
205541778
205542147
205542570
205542715
205542730
205542934
205543465
205543610
205543952
205544057
205544076
205544364
205544783
205544872
205544890
205545055
205545485
205546039
205546447
205546651
205546742
205547653
205547655
205547732
205547815
205547871
205548014
205548184
205548249
205549068
205549119
205549542
205550411
205550521
205550833
205550860
205551357
205551621
205551758
205552015
205552085
205552120
205552485
205553080
205553604
205553716
205554659
205554715
205555022
205555582
205556278
205556624
205557358
205557422
205557690
205558043
205558057
205559490
205559994
205560166
205560190
205560599
205560689
205563450
205563509
205564203
205564402
205564487
205566538
205566744
205566965
205567400
205567646
205567720
205567951
205570201
205570768
205570849
205571031
205572565
205572739
205573441
205573654
205574043
205574046
205574307
205574485
205575105
205575109
205575184
205575246
205575796
205575951
205576164
205576347
205576496
205576548
205576582
205576887
205577001
205577012
205577623
205578158
205578704
205579032
205579291
205580026
205580403
205580614
205581097
205581243
205581507
205582014
205582121
205582298
205582665
205582834
205583392
205583875
205584720
205584860
205585426
205586508
205586815
205587117
205587227
205587397
205587424
205587626
205587764
205587880
205587983
205588334
205588355
205588695
205589266
205589571
205589893
205589991
205590186
205590259
205590541
205590695
205590877
205590894
205591124
205592316
205592636
205593118
205594455
205594846
205595282
205595501
205595853
205596721
205596982
205597123
205598421
205598583
205598655
205598701
205599784
205599786
205599870
205600069
205601427
205601601
205601650
205601994
205602060
205602203
205603552
205604462
205605164
205605640
205606388
205606765
205607083
205607212
205607255
205607852
205608248
205608258
205608788
205609108
205609252
205609943
205610205
205611362
205611748
205611866
205612117
205612401
205613343
205613516
205613907
205614338
205614464
205615039
205615262
205615300
205616042
205616047
205616590
205617071
205617504
205618192
205618813
205619169
205619483
205619671
205619696
205619883
205620208
205620738
205621312
205621619
205622013
205622112
205623068
205623247
205624922
205625003
205625505
205625593
205625668
205626783
205626834
205627441
205627519
205627624
205627648
205627729
205627998
205628141
205629483
205630097
205630840
205631204
205631872
205632508
205632661
205632912
205633124
205634422
205635013
205635391
205635841
205637290
205637452
205637613
205637676
205637755
205638065
205638340
205638616
205638722
205638803
205640836
205641308
205641904
205641960
205642192
205642294
205643210
205643221
205643699
205643761
205643958
205643970
205645458
205645546
205645747
205645870
205646311
205646433
205647378
205647415
205647438
205647439
205647454
205647608
205648535
205649059
205649503
205649568
205649624
205649818
205650210
205650383
205650433
205650682
205650873
205651159
205651580
205651741
205652010
205652169
205652415
205652484
205652650
205653463
205653500
205653981
205654700
205655435
205655478
205655582
205655587
205656627
205656718
205657355
205657421
205657528
205657647
205657847
205658149
205658292
205658542
205658583
205659101
205659121
205659152
205659182
205659545
205659562
205659671
205659887
205659905
205659999
205660272
205660386
205660462
205661119
205661547
205661665
205661677
205661904
205662346
205662407
205662896
205662973
205663204
205663346
205663933
205664048
205664181
205664195
205664594
205664896
205665025
205665053
205665062
205665084
205665657
205665732
205665885
205665889
205666133
205666383
205666430
205666685
205667369
205667376
205667391
205667445
205667820
205668419
205668608
205668846
205668963
205669371
205669373
205669675
205669794
205670675
205670784
205671193
205671378
205671733
205671917
205672065
205672622
205673004
205673413
205673897
205674391
205674479
205674505
205674669
205674875
205674920
205674980
205675060
205675186
205675709
205675727
205676216
205676247
205676432
205677598
205678650
205678755
205678925
205678942
205679168
205679473
205679532
205679535
205679611
205679857
205680094
205680435
205680656
205681367
205681683
205681698
205682128
205682343
205682489
205682525
205682575
205682584
205682851
205683283
205683368
205683396
205683433
205683937
205684261
205684752
205684798
205684854
205684985
205685091
205685438
205685534
205685829
205686099
205686159
205686202
205686415
205686601
205686761
205686810
205687059
205687486
205687718
205687838
205688235
205688885
205689107
205689223
205689319
205689918
205689977
205690534
205691813
205692130
205692261
205692726
205692767
205693707
205694093
205694566
205695087
205695463
205695620
205695923
205697593
205697685
205697884
205698068
205699191
205699447
205700275
205701055
205701276
205701407
205701644
205702056
205702134
205702539
205702668
205703094
205703110
205703246
205703398
205703442
205703952
205704506
205704682
205705319
205705617
205706245
205706414
205706444
205707112
205707654
205708067
205708125
205708570
205709183
205709344
205709474
205709551
205711213
205712151
205713876
205714002
205716087
205716541
205717017
205717662
205718330
205718353
205718425
205719097
205719389
205720492
205720512
205721532
205722514
205722848
205726069
205726890
205727651
205728960
205729358
205730098
205731164
205731630
205731923
205733779
205736055
205737707
205738183
205738442
205743394
205743799
