202483641
202502512
202517891
202520669
202521463
202521690
202522205
202524330
202526459
202532858
202532942
202533810
202534070
202536655
202539362
202539462
202544292
202548139
202548324
202551541
202552065
202552141
202552587
202552820
202556430
202559547
202560219
202563699
202566857
202569086
202571062
202571430
202575274
202580886
202582895
202584066
202585030
202587982
202588237
202592839
202593561
202596864
202598419
202600636
202600756
202600948
202602291
202603416
202604087
202604746
202604807
202606089
202607322
202607813
202607931
202608541
202609156
202611921
202614223
202615424
202618788
202619356
202621661
202622118
202622391
202622440
202622887
202623512
202625223
202625278
202625828
202628862
202629412
202629572
202632482
202632649
202633831
202633922
202635248
202636072
202636578
202637922
202637973
202638653
202639174
202639739
202640267
202640668
202641336
202642577
202642880
202643460
202644397
202646460
202648579
202649089
202649614
202650287
202650387
202650683
202651338
202653279
202653421
202654637
202654850
202655569
202655586
202656205
202656366
202656803
202657272
202657604
202657711
202658270
202659170
202659374
202659558
202659600
202659796
202660422
202661284
202661711
202662062
202663014
202664116
202664146
202665165
202665210
202665304
202667123
202667585
202667676
202669241
202670054
202670737
202671491
202672078
202674178
202675460
202675661
202675924
202676381
202676440
202678096
202678104
202678486
202679236
202679834
202679988
202680078
202680772
202682106
202682153
202682348
202683805
202684315
202685478
202685642
202685843
202685939
202686279
202686971
202687222
202689201
202689356
202689550
202689705
202689729
202689749
202691757
202696128
202696866
202697500
202698140
202699293
202700240
202702558
202702821
202704092
202704279
202705191
202706645
202707178
202707559
202708378
202708650
202709152
202709200
202709846
202710125
202710503
202710713
202714731
202714774
202715926
202716206
202717046
202717888
202718132
202718711
202719837
202720138
202720300
202720703
202721399
202721467
202721871
202722152
202722163
202722239
202722324
202723128
202723276
202723865
202724025
202724256
202724532
202726156
202726331
202727128
202727506
202727642
202727829
202728462
202728529
202728784
202729023
202730115
202730698
202731721
202733364
202733619
202733831
202737463
202738682
202739921
202740160
202740420
202741354
202742791
202743376
202743377
202744235
202745682
202748555
202749293
202749312
202751313
202752555
202753228
202754143
202754464
202755983
202756015
202756167
202757159
202757472
202760512
202761475
202762156
202762272
202762932
202766302
202766766
202766928
202767998
202771293
202771885
202772050
202772136
202772746
202773970
202774770
202775208
202775454
202776854
202777063
202778276
202779178
202779754
202779765
202780931
202781318
202781319
202782058
202782971
202783234
202786048
202786860
202786910
202787251
202787733
202787821
202788272
202790220
202790830
202790912
202791563
202793212
202795106
202795175
202795686
202797666
202798211
202800225
202800875
202801116
202802744
202804658
202805113
202805263
202805654
202807281
202809577
202811825
202814475
202814875
202814887
202815451
202816297
202816688
202816723
202818196
202818683
202820719
202821485
202822665
202823756
202825775
202826118
202826247
202827019
202830305
202830942
202831777
202832077
202834934
202836275
202839077
202839400
202842030
202842956
202843785
202845284
202846502
202849466
202850055
202850963
202853972
202854689
202856538
202857542
202857607
202858128
202858660
202859250
202860560
202861679
202862302
202864054
202864983
202866021
202866442
202867318
202869025
202870151
202870642
202870733
202870866
202872212
202872758
202874104
202876215
202876401
202877878
202878138
202879519
202880081
202881392
202881824
202882915
202883100
202885285
202885568
202888164
202888907
202889075
202889754
202890253
202890613
202891090
202891681
202891973
202892578
202893021
202893157
202893345
202894548
202895965
202896141
202896243
202896328
202896463
202896491
202896771
202896857
202900437
202900527
202901694
202902270
202903160
202904043
202904209
202904394
202904806
202904813
202905107
202905319
202905782
202905842
202906224
202906457
202906766
202907361
202908544
202908892
202909059
202909068
202909514
202909807
202910245
202910585
202913152
202913244
202913758
202914095
202914223
202915242
202916946
202918106
202918432
202919250
202920172
202923739
202924663
202925169
202925447
202929471
202931296
202933888
202934574
202937018
202937838
202937858
202938662
202939579
202940639
202941689
202942038
202942946
202944126
202944505
202945412
202945715
202946222
202946261
202946698
202947027
202949156
202949470
202949708
202949782
202950272
202951730
202953479
202954616
202954842
202955657
202957695
202957873
202959200
202959403
202959419
202960425
202961014
202961482
202961595
202961628
202962141
202963555
202965766
202968773
202968902
202969870
202971774
202971921
202972989
202973624
202975299
202975776
202976097
202976647
202977790
202979126
202979611
202979813
202979977
202981832
202982521
202982547
202983485
202984824
202987851
202988273
202990088
202991925
202994404
202995762
202995917
202996939
202997102
202997793
202998315
202998817
202999791
203001073
203001258
203001378
203001822
203001867
203002693
203002798
203002817
203003002
203003033
203003654
203003739
203004028
203004184
203004622
203004874
203005223
203005437
203006288
203006330
203009087
203009516
203009876
203009906
203010516
203010841
203012217
203012319
203013006
203013195
203013215
203013380
203013984
203014080
203015791
203016223
203016529
203017692
203019522
203019584
203020634
203021718
203021921
203022643
203022875
203024218
203026818
203026877
203028639
203030140
203030605
203030999
203031383
203032278
203033115
203033414
203033484
203034165
203034284
203036210
203036352
203036995
203037125
203037619
203037680
203038677
203038698
203039206
203039686
203041738
203041996
203042010
203042245
203042487
203042994
203043703
203044910
203045307
203046192
203046199
203048597
203048748
203050730
203050748
203050897
203052526
203052539
203053971
203055760
203056276
203057604
203057956
203058049
203058128
203059404
203059545
203059746
203061459
203061783
203062441
203063555
203065387
203065665
203065769
203066149
203066219
203066417
203067110
203069955
203070560
203071614
203071894
203072076
203074131
203074940
203075534
203080218
203080547
203080882
203081887
203082390
203083614
203083616
203084039
203086545
203086861
203086979
203087442
203088386
203088709
203089002
203089891
203092367
203092729
203092824
203092894
203093212
203093711
203094696
203095051
203097006
203097870
203098034
203099159
203099398
203102566
203102718
203102768
203103736
203103768
203104241
203104360
203105149
203105952
203106784
203106957
203108084
203108505
203108627
203109319
203112413
203112557
203112974
203115615
203117371
203119637
203119778
203119957
203120485
203120753
203121012
203122134
203122457
203122463
203124214
203124839
203125449
203126564
203126780
203127827
203129163
203129733
203130129
203131032
203131507
203134992
203135082
203138121
203142127
203143409
203148919
203150950
203166243
203169830
203170908
203173370
203174987
203176920
203178560
203178795
203181641
203185007
203189054
203192671
203198602
203206704
203217059
203225547
203233300
203234300
203239746
203244751
203247169
203249626
203252923
203254243
203257050
203257894
203259506
203271901
203274630
203278103
203279708
203290460
203291779
203293186
203295832
203298043
203300329
203301448
203301463
203304391
203306832
203312618
203318214
203321998
203324567
203330380
203332710
203332790
203333382
203334110
203335343
203336842
203337149
203337814
203340815
203342257
203343161
203348270
203348744
203349840
203353598
203353634
203354308
203354381
203354456
203356099
203357613
203360056
203360428
203361837
203361909
203362169
203362293
203362378
203363279
203363721
203364835
203365065
203366162
203367145
203368040
203368779
203369093
203369443
203369479
203370081
203371236
203371239
203375909
203376221
203376548
203376671
203378289
203378869
203379039
203379272
203382255
203384946
203385048
203385087
203386139
203387826
203389171
203390179
203390805
203395845
203396608
203397123
203397761
203399141
203404259
203405240
203408753
203409001
203409548
203409747
203410665
203412365
203414491
203416773
203417323
203417385
203417549
203419588
203420271
203420603
203420798
203421625
203424507
203424781
203424891
203425127
203425996
203427337
203428140
203428248
203430030
203430290
203431109
203431819
203432848
203436236
203436559
203436789
203436868
203438421
203439047
203440202
203440253
203440326
203440742
203441956
203442021
203442191
203442993
203444346
203444455
203445994
203446121
203446948
203448202
203448475
203448860
203450232
203452629
203453535
203454091
203455882
203456118
203457426
203458660
203459091
203460852
203461189
203461369
203462690
203463878
203464138
203465075
203466056
203466466
203467084
203467515
203468205
203471093
203471480
203472066
203472155
203473019
203475138
203476154
203476597
203478129
203478236
203478307
203479994
203481147
203484232
203484647
203486889
203487006
203487531
203487550
203488699
203489025
203490425
203490960
203491132
203491220
203491956
203494096
203494280
203494655
203495721
203495929
203495957
203497761
203497937
203498115
203499175
203499724
203500702
203502785
203503157
203503286
203503619
203504372
203504537
203504633
203504798
203505261
203506352
203506472
203507258
203507760
203508374
203508547
203508763
203508971
203509533
203512593
203513581
203514356
203515005
203516237
203516270
203517602
203517860
203517969
203519474
203519489
203519540
203519598
203520848
203521205
203521288
203522467
203524118
203525539
203527618
203527697
203528475
203528786
203529259
203531447
203531676
203532100
203532363
203533055
203533312
203533652
203534233
203534383
203534825
203536084
203538224
203538499
203538713
203538882
203539769
203539798
203540227
203540414
203540878
203542246
203542463
203542570
203543330
203545435
203545824
203546990
203547407
203547619
203548090
203548155
203548644
203548867
203548944
203549411
203549818
203549848
203549873
203549979
203550480
203550512
203550692
203551386
203551698
203551868
203551881
203552710
203553220
203553793
203553934
203554540
203555168
203556494
203556760
203557872
203560025
203560204
203560248
203560679
203562494
203563189
203563208
203563305
203563625
203563853
203564621
203565044
203565563
203565855
203566694
203566940
203568037
203568545
203569080
203570098
203570322
203570729
203571139
203573624
203574463
203574721
203575380
203576244
203576256
203576722
203577715
203577949
203578520
203578770
203579022
203579520
203579851
203580120
203580251
203580328
203580526
203580789
203581504
203582150
203582679
203582885
203583386
203585152
203587408
203588024
203588340
203589087
203589463
203589806
203590550
203590878
203591185
203591714
203591879
203592629
203594454
203594696
203594754
203595174
203595398
203596035
203596445
203596679
203596697
203597317
203598695
203598939
203599827
203600046
203601456
203603205
203603290
203604041
203606075
203606605
203606611
203606736
203606751
203606917
203607126
203607513
203607609
203607975
203608170
203608543
203610262
203610502
203611704
203611728
203612041
203612417
203617994
203620086
203620691
203623026
203624856
203625455
203625629
203625894
203626828
203627083
203628765
203629885
203630070
203630569
203631896
203632170
203633963
203636498
203637372
203637922
203637940
203640433
203641931
203642025
203642381
203644456
203644489
203644711
203645396
203645980
203646810
203649180
203649748
203649924
203650374
203651750
203651804
203652357
203652500
203652652
203653296
203654076
203654302
203654939
203655051
203655113
203655505
203656366
203660833
203660895
203661831
203662448
203662639
203662952
203663017
203664569
203664725
203665945
203666046
203666594
203666662
203667438
203667805
203669989
203669999
203670804
203672060
203672169
203672485
203674308
203675097
203676093
203677620
203677770
203678803
203679238
203679848
203680954
203681272
203681387
203681601
203682158
203683090
203683427
203683699
203684597
203685407
203685426
203685514
203685806
203686287
203687088
203688437
203690091
203690414
203691040
203692610
203693130
203693464
203694811
203694977
203695888
203696274
203697591
203699011
203699089
203699786
203700439
203700592
203700703
203702019
203702627
203703016
203703413
203703889
203704133
203704347
203704685
203705180
203705274
203706699
203708745
203708909
203709312
203710077
203710635
203710768
203711238
203711274
203712588
203712941
203713556
203713606
203714509
203715019
203715134
203715803
203716047
203716240
203716389
203717477
203717595
203720006
203720222
203720577
203721488
203721605
203721681
203721736
203722048
203722692
203722894
203723231
203723257
203723762
203723822
203723859
203724919
203726499
203726701
203727416
203727804
203730072
203730694
203731002
203731383
203732588
203732950
203733090
203734535
203735223
203735352
203735684
203736792
203736958
203737395
203737697
203737861
203740257
203740884
203740948
203741804
203742254
203742679
203744464
203744673
203744724
203745501
203745988
203746890
203747590
203747954
203748523
203749606
203749770
203750506
203750883
203750949
203751812
203751997
203752079
203752788
203753432
203753577
203754361
203756145
203756600
203756655
203756781
203757004
203758182
203759570
203760219
203760591
203760606
203760899
203761892
203762723
203762804
203762955
203763185
203763697
203763791
203764072
203764090
203764923
203765593
203766003
203766004
203766225
203766924
203767582
203767841
203767964
203768372
203768482
203769436
203770078
203770366
203770559
203770673
203771564
203771776
203772116
203772640
203773013
203774343
203774916
203775036
203775387
203775531
203777547
203777800
203778153
203778209
203779568
203780082
203781088
203781238
203782257
203782481
203782814
203784748
203785905
203785951
203786209
203786681
203787955
203788129
203788453
203788522
203788687
203788827
203788910
203789325
203789628
203790067
203790233
203790372
203790450
203791156
203791457
203791768
203791956
203792008
203792674
203793391
203793619
203793637
203794072
203794087
203794605
203794620
203794751
203795050
203795765
203796256
203796499
203796782
203796922
203797163
203798606
203799200
203799428
203799478
203799762
203799913
203800211
203800236
203800601
203800848
203801071
203801323
203802752
203803804
203804403
203804998
203805145
203806417
203806482
203806628
203807051
203807162
203808051
203809317
203809634
203809960
203810064
203810205
203810647
203810698
203810851
203811459
203814366
203814419
203815783
203815845
203815849
203816510
203818861
203819777
203819998
203820047
203820081
203820214
203820973
203821589
203822485
203822691
203822946
203823480
203824153
203824391
203825455
203826403
203826436
203826702
203829879
203830112
203830976
203831236
203831438
203831563
203831587
203831673
203832475
203832916
203832938
203833338
203833567
203833673
203833873
203833980
203834126
203834337
203835166
203835441
203836139
203837143
203837561
203837632
203837701
203837777
203838456
203839248
203839698
203840332
203840786
203841159
203842272
203842664
203843009
203843134
203843900
203843911
203844180
203844249
203844387
203844427
203844446
203844454
203844806
203844856
203845373
203845386
203845705
203846183
203847575
203848252
203848264
203848625
203849021
203849943
203850058
203850605
203851464
203851860
203851946
203853244
203853489
203853503
203855019
203855509
203855808
203856109
203856244
203856334
203857149
203857404
203859583
203859662
203860131
203860247
203860462
203860491
203860592
203861072
203863067
203863479
203863529
203863576
203864562
203864841
203865172
203866225
203866877
203867167
203867550
203867961
203869467
203869829
203869924
203870022
203870058
203871061
203871710
203871758
203872852
203873262
203873374
203873478
203874374
203875175
203875367
203876392
203877533
203877821
203877863
203878283
203879749
203880741
203880945
203881199
203881218
203881373
203881390
203881640
203882999
203884383
203884472
203884580
203885994
203886440
203887087
203887661
203888630
203888837
203890301
203890834
203891610
203891877
203891936
203892022
203892205
203892828
203892903
203892991
203893268
203893891
203894955
203895004
203895244
203895983
203896485
203897692
203898731
203899767
203899786
203900564
203902287
203902707
203904328
203905343
203905625
203905980
203907608
203908611
203909699
203910454
203910604
203910995
203911473
203911712
203913100
203913804
203914036
203915424
203915538
203916321
203916447
203917077
203917139
203917608
203917770
203919039
203919192
203919797
203920102
203920354
203920452
203920801
203923263
203924493
203924502
203925443
203925751
203925865
203926214
203926395
203927020
203927200
203927902
203928175
203928529
203929265
203930599
203933268
203934572
203934973
203935967
203936580
203936815
203937317
203938167
203939508
203939870
203946848
203947410
203950167
203951969
203955457
203955624
203956445
203957036
203959413
203962559
203962599
203967196
203969672
203972079
203972954
203975038
203975467
203978501
203979309
203979314
203980660
203981774
203987773
203988827
203989665
203989723
203991803
203992107
203993663
203995761
203997143
204003860
204009278
204033548
204040029
204040060
204041137
204042465
204043388
204043888
204046488
204050325
204051932
204052067
204052192
204053578
204054129
204056376
204057095
204057450
204059992
204060981
204062505
204064754
204065688
204066097
204066737
204066898
204069443
204069863
204070398
204072696
204074274
204077882
204077926
204078097
204078673
204078804
204079030
204079630
204079637
204080947
204082531
204083104
204083786
204083945
204085044
204086428
204086598
204086791
204087208
204087772
204091697
204091873
204092042
204093087
204093132
204093644
204093677
204096760
204097242
204098316
204099505
204099713
204099739
204100531
204101029
204101196
204104740
204104882
204104955
204105333
204105498
204106224
204106616
204107533
204107757
204107770
204108293
204110126
204115149
204115917
204115961
204116331
204118433
204119181
204119277
204121113
204121833
204121870
204122024
204122161
204123171
204123651
204124492
204124762
204125373
204125739
204126288
204127118
204127444
204127716
204127977
204128016
204128025
204128198
204128422
204129511
204129699
204133573
204133691
204133772
204135858
204136937
204137184
204139015
204139016
204140550
204140682
204141790
204142243
204142789
204143164
204143627
204144407
204145017
204147040
204147044
204147295
204147776
204148557
204149252
204149533
204150418
204150518
204151263
204152030
204152441
204153041
204154149
204154736
204156256
204156820
204157102
204157184
204159719
204159842
204159983
204160652
204161056
204162335
204162631
204162886
204165788
204166570
204166635
204167344
204167873
204167887
204168125
204168477
204169487
204170602
204171193
204171990
204172050
204172546
204172558
204172667
204172838
204173610
204174019
204174233
204175516
204176238
204176771
204177257
204177311
204177385
204177661
204177785
204178510
204178534
204178591
204179058
204179193
204179973
204180473
204181172
204181799
204182357
204182919
204183999
204184356
204184435
204184972
204185983
204186254
204187225
204187469
204188362
204188839
204188963
204189121
204189554
204189630
204189914
204190866
204190916
204191942
204191951
204192792
204192926
204193196
204193242
204193529
204195509
204195842
204195973
204197234
204197765
204199333
204199867
204200545
204200942
204201823
204201852
204202443
204202741
204202811
204204414
204204545
204204606
204204752
204204839
204204927
204205144
204206056
204206295
204207749
204208544
204208583
204210031
204210351
204210528
204210698
204211116
204211738
204212045
204212486
204213907
204214980
204215032
204215081
204217342
204217526
204217770
204218767
204219043
204219526
204220275
204220990
204221888
204222295
204222429
204222836
204223197
204223353
204223608
204223646
204224158
204224715
204224885
204224995
204225008
204226548
204226633
204226647
204226691
204226766
204227168
204227785
204228385
204228502
204228669
204228759
204229193
204229583
204230890
204231426
204231861
204233574
204233911
204233955
204234269
204234372
204234408
204235325
204235338
204235626
204238300
204238522
204238921
204239143
204240067
204240692
204241091
204241103
204241683
204241711
204241719
204242055
204242152
204242520
204242564
204242600
204242747
204242877
204243018
204243178
204243465
204244064
204245581
204246759
204246903
204247416
204247509
204248248
204248829
204248842
204249470
204249505
204249804
204250417
204250782
204251947
204252101
204253096
204254762
204256494
204258616
204258678
204258708
204259310
204260042
204260173
204262140
204262368
204262652
204262674
204263714
204263768
204263813
204264384
204264641
204264833
204266133
204266562
204268123
204268426
204268506
204268916
204269918
204270520
204270566
204271115
204271555
204273100
204273384
204274536
204274740
204274743
204274993
204275303
204275452
204276894
204277211
204277248
204277523
204277718
204279000
204279085
204279495
204280695
204280860
204281210
204281213
204282380
204282815
204282976
204286728
204287798
204288433
204289942
204290172
204290655
204290833
204290918
204291641
204291900
204292090
204292655
204295293
204295793
204295893
204296148
204296346
204296929
204296945
204297424
204298932
204299578
204300823
204301723
204302215
204302376
204302995
204303226
204303402
204304462
204304839
204306329
204306503
204306820
204307398
204308061
204308297
204311010
204311057
204312498
204312692
204312935
204313397
204314841
204315110
204315760
204317321
204317538
204317741
204318857
204318865
204319181
204319872
204320514
204320923
204321142
204321428
204321959
204322979
204324196
204324948
204325273
204328228
204328391
204329278
204329690
204330803
204330922
204332672
204332682
204333715
204334806
204337832
204337881
204338708
204340894
204340980
204341451
204341571
204343810
204344180
204345402
204346718
204347422
204347824
204348430
204348591
204348630
204349376
204350472
204350593
204350917
204350926
204351607
204352341
204353205
204354342
204354744
204355491
204355829
204356847
204357732
204358795
204359533
204360645
204360807
204361038
204362518
204363565
204364073
204364130
204364515
204364522
204365666
204365837
204366971
204367953
204370527
204372345
204372624
204373630
204374147
204374426
204375621
204375771
204376053
204376071
204376538
204377731
204377821
204379265
204379486
204379664
204381832
204382154
204382615
204383288
204383378
204383487
204387835
204388095
204388140
204389892
204390586
204390751
204392147
204392438
204393522
204393705
204396010
204396195
204396573
204396962
204397408
204397879
204398735
204398857
204399028
204399289
204399319
204399569
204401203
204401867
204401985
204402572
204403575
204403918
204404080
204404312
204405530
204405868
204406748
204407830
204408619
204408707
204409015
204409362
204409463
204409735
204409849
204410398
204411840
204412942
204413276
204413641
204414610
204415475
204416606
204417450
204417649
204418177
204418342
204418792
204419126
204419425
204421274
204422598
204425380
204426231
204426320
204427440
204428324
204428457
204428826
204429168
204429883
204430409
204431777
204431819
204431863
204431993
204432131
204432562
204432780
204432860
204433086
204433146
204434363
204435043
204435603
204435866
204436170
204437393
204437776
204439343
204439442
204439921
204440306
204440603
204441014
204441237
204441374
204442050
204442118
204442352
204442667
204443100
204446415
204446677
204447221
204448136
204449165
204449389
204449800
204449827
204450537
204451036
204451272
204451363
204451775
204451993
204452529
204452971
204453056
204453206
204454325
204454456
204454545
204454690
204455196
204457417
204457717
204457804
204458208
204458254
204458354
204459249
204459532
204459941
204460283
204462113
204462739
204463186
204464009
204464537
204464828
204465247
204465251
204465961
204466120
204467081
204467371
204467584
204468718
204468732
204468888
204469527
204469637
204470100
204471912
204472125
204472612
204472933
204473285
204475702
204476705
204477108
204477456
204477570
204477741
204478310
204478680
204478864
204479092
204480635
204481089
204481736
204481903
204481975
204482247
204483088
204483928
204483984
204484053
204487447
204489514
204490100
204490599
204491082
204491174
204491374
204492163
204492376
204492384
204492508
204494002
204494046
204494201
204494509
204494633
204494822
204495624
204495755
204495872
204499138
204501441
204501696
204501712
204502654
204503909
204504795
204505389
204506777
204507317
204508462
204509271
204510687
204511374
204512343
204512641
204514288
204514546
204514548
204515057
204517282
204517888
204518032
204518369
204518506
204518814
204519031
204519555
204520585
204520625
204522469
204523396
204524685
204524752
204525772
204525799
204527788
204529239
204529573
204530046
204531595
204531894
204532069
204533053
204533829
204535231
204538466
204538777
204539201
204539556
204541796
204542962
204543348
204543384
204543498
204544020
204545431
204546194
204547129
204547272
204548337
204548819
204548880
204550128
204550313
204551703
204552994
204553306
204553379
204553407
204554162
204555393
204557096
204557805
204559470
204559599
204559688
204560895
204561327
204561608
204562176
204564247
204564399
204565198
204565769
204565982
204566046
204566199
204566404
204566795
204569229
204570302
204572073
204572503
204574070
204575588
204575671
204576585
204577183
204577297
204577491
204579075
204579445
204582671
204583750
204584635
204584778
204586589
204588687
204589410
204590158
204590230
204590340
204590740
204590762
204591415
204591692
204592424
204593428
204594224
204594600
204596569
204598375
204598458
204599207
204599787
204602579
204603210
204604402
204604708
204604717
204606793
204607034
204607989
204608015
204608050
204608292
204608296
204608421
204608760
204608791
204609924
204611221
204611292
204611501
204612315
204612521
204614674
204615541
204615647
204615752
204615755
204616754
204621457
204622289
204623020
204623271
204624141
204625788
204627965
204628570
204629934
204630212
204630363
204631652
204632176
204634431
204634894
204635232
204637622
204637674
204638158
204638251
204638516
204639398
204639557
204640114
204642345
204642788
204643047
204643057
204644117
204644747
204645339
204651122
204651567
204651589
204652501
204655153
204655310
204655324
204655550
204656395
204656724
204656966
204658292
204659411
204666431
204666965
204671716
204671953
204672338
204673974
204676733
204683246
204683343
204689629
204694506
204699365
204703639
204730095
204732200
204737233
204742305
204752080
204754318
204756063
204756347
204756726
204757338
204757365
204757960
204758281
204759168
204761922
204763194
204764390
204766741
204767942
204768783
204769599
204769996
204771579
204771848
204772401
204772448
204772534
204773073
204773708
204776441
204776782
204777252
204777398
204777646
204777854
204781762
204782414
204782898
204783658
204786360
204787127
204787516
204791624
204791715
204792604
204793598
204794876
204795331
204796227
204799209
204799757
204801146
204801261
204803505
204805438
204807478
204810161
204810792
204811478
204812713
204813102
204813678
204813829
204814247
204819202
204819492
204819511
204819556
204819661
204820371
204820375
204821908
204822151
204873098
204874314
204874320
204875071
204875148
204875807
204876033
204876697
204876937
204877629
204878461
204878475
204879057
204881921
204882680
204882734
204882892
204884069
204884822
204885348
204885381
204885651
204885843
204885857
204885870
204886563
204886772
204886897
204886993
204887080
204887278
204888131
204888409
204889627
204890128
204890335
204891107
204892956
204893367
204893654
204893733
204894208
204894575
204894630
204895037
204895410
204895521
204895565
204895809
204897400
204897849
204898285
204898840
204898957
204900895
204901273
204901304
204902065
204903279
204904918
204904951
204906020
204906035
204906121
204906970
204907108
204907231
204907588
204907647
204908189
204908359
204908492
204908535
204908621
204908781
204909222
204909952
204911468
204911696
204912203
204912351
204912809
204912857
204912935
204914113
204914137
204914565
204915564
204915738
204916990
204917242
204918541
204918949
204918959
204919503
204919946
204920134
204920926
204921279
204921458
204921596
204921794
204922127
204925198
204925268
204925346
204925520
204925583
204925890
204926026
204926553
204927598
204927784
204927969
204928460
204928499
204928809
204928818
204929291
204930290
204930849
204931373
204931558
204931563
204932100
204932248
204932990
204933555
204933714
204933717
204933893
204934483
204934637
204934650
204937804
204938031
204938147
204939243
204939779
204940393
204940884
204942355
204942358
204942474
204942495
204942552
204942701
204944079
204944128
204944202
204944226
204944697
204944958
204945052
204945915
204946107
204946478
204946739
204947015
204947348
204947538
204948308
204949180
204949182
204949205
204949224
204949339
204950441
204950511
204951170
204951180
204951482
204951694
204952800
204953489
204954427
204954699
204954915
204955018
204955334
204956268
204956337
204956623
204957219
204957517
204957540
204959023
204959604
204959811
204960156
204960399
204961152
204961405
204961477
204962183
204962207
204962577
204963027
204963464
204963854
204963947
204964875
204966312
204966558
204966818
204966989
204967795
204967912
204968167
204968666
204968845
204970534
204970550
204970554
204970885
204971518
204972021
204972242
204972535
204972695
204973031
204973330
204973462
204973951
204974150
204974437
204976059
204976507
204976692
204976911
204976998
204977413
204978291
204978468
204978561
204978611
204978870
204980200
204980377
204980432
204980954
204981748
204981773
204982067
204982668
204982743
204982969
204982974
204983289
204983294
204983403
204983628
204983665
204983888
204984062
204986988
204987267
204987268
204987895
204988431
204989074
204989186
204989331
204990218
204990278
204990410
204990467
204990546
204990801
204990932
204991036
204991699
204993208
204993463
204993716
204994181
204994472
204994637
204994732
204994822
204995306
204996607
204996953
204997165
204997331
204997837
204998093
204998650
204999039
205000104
205000676
205001070
205001424
205002158
205002692
205002924
205002983
205003135
205004307
205004416
205004563
205005458
205005589
205006023
205006126
205007263
205007364
205007401
205008727
205008739
205008763
205008847
205008860
205009553
205009698
205010178
205010291
205010451
205010455
205010817
205010994
205011893
205012058
205012494
205012516
205012599
205013031
205014101
205014678
205014761
205014939
205015239
205016383
205016565
205017655
205017810
205018097
205018187
205019241
205019682
205020400
205020984
205021522
205021600
205021704
205022489
205023358
205024407
205024818
205024957
205024963
205025592
205026138
205026365
205026865
205027684
205027701
205030096
205030111
205030726
205032071
205032237
205032413
205032477
205034152
205034491
205034582
205034706
205035963
205036049
205036409
205036579
205036886
205037489
205037578
205037941
205038557
205039027
205039041
205039568
205039997
205040772
205040974
205041053
205041132
205041296
205041327
205041463
205042193
205042746
205042786
205044245
205044290
205044371
205044644
205044732
205045100
205045969
205046133
205046529
205046848
205046932
205047099
205047378
205047489
205047892
205049573
205049683
205049991
205050270
205050373
205051053
205051240
205051563
205053477
205053762
205054158
205054287
205054397
205055104
205055715
205055802
205056060
205056232
205056275
205057033
205057908
205058381
205058945
205059265
205059490
205059624
205059676
205059704
205059739
205060322
205060361
205060410
205060733
205060910
205062307
205063033
205063210
205064305
205064326
205064815
205065164
205065331
205065618
205066645
205066998
205067630
205067992
205068000
205068181
205068196
205068400
205068415
205068630
205068677
205069093
205069549
205070327
205071010
205071104
205071854
205071855
205071988
205072179
205072354
205073263
205073315
205073881
205073944
205073997
205074126
205074844
205075081
205075927
205076504
205076804
205076867
205077075
205077540
205077969
205077984
205078152
205078507
205078547
205078916
205079874
205080360
205080460
205080616
205081062
205081451
205081464
205082054
205082091
205082145
205082248
205082910
205083494
205083878
205083978
205084272
205084461
205084618
205084928
205085709
205086156
205086621
205086689
205087043
205087269
205087347
205088285
205088828
205088926
205089324
205089398
205089832
205091385
205091494
205092303
205092541
205095393
205095711
205097077
205097310
205097920
205098293
205098337
205098993
205099673
205099884
205100012
205101551
205102553
205103149
205103633
205104062
205104544
205104811
205104929
205105659
205105696
205106221
205106393
205106819
205107397
205107491
205108617
205108839
205109099
205110559
205111050
205111147
205111546
205111873
205113552
205113563
205114278
205114348
205114411
205115175
205115573
205115701
205116302
205116356
205116558
205116719
205117205
205118388
205118919
205118979
205119082
205119099
205119476
205120057
205120968
205121714
205121756
205123245
205123591
205124381
205124432
205124438
205124839
205124862
205125014
205125119
205125640
205127086
205127380
205127423
205128566
205128625
205129009
205129147
205129942
205130041
205130190
205130918
205132185
205132582
205132897
205132942
205133660
205133963
205135592
205135650
205137295
205137430
205137666
205139968
205140119
205140876
205141287
205141886
205142340
205142483
205142641
205143329
205144387
205144753
205145188
205145448
205145618
205145677
205145734
205145878
205146688
205147095
205147686
205148374
205148419
205148497
205149448
205150662
205150770
205151079
205151387
205151763
205152244
205152450
205152548
205152692
205153286
205153472
205153954
205154017
205154161
205154397
205154762
205155253
205155483
205156012
205156961
205157766
205157836
205157937
205158239
205158336
205158429
205158684
205158932
205160013
205160903
205161643
205162306
205163144
205164250
205164400
205164483
205164832
205164892
205164999
205165393
205165923
205165965
205166213
205166395
205166677
205167008
205167265
205167588
205167650
205167772
205168450
205168634
205170879
205171939
205172149
205172627
205172701
205173074
205173204
205173448
205173629
205175285
205176773
205177336
205177770
205178005
205179845
205181323
205181841
205182006
205182200
205182220
205182243
205182471
205182959
205183560
205184351
205184389
205184586
205185617
205186149
205186416
205186525
205187399
205187544
205187597
205188258
205188568
205188906
205190472
205191051
205191238
205192642
205192701
205193415
205195299
205195402
205195968
205196122
205196227
205197583
205198363
205199316
205199891
205200173
205201018
205202433
205202444
205203376
205203545
205203953
205204368
205204563
205205240
205207894
205209192
205209357
205211151
205211404
205212588
205213826
205213968
205217055
205217412
205217672
205217928
205218249
205218826
205219081
205219898
205223235
205225051
205225428
205225696
205227164
205227574
205228053
205228269
205228487
205228654
205229405
205229904
205232450
205232648
205232678
205233246
205234124
205234916
205237944
205238471
205238942
205239998
205240010
205240141
205241182
205242191
205245350
205246980
205247191
205247351
205248134
205248969
205251885
205252523
205253144
205255435
205257097
205260089
205260371
205264786
205264891
205267399
205268983
205269993
205271341
205271582
205272194
205272632
205273528
205273848
205274130
205274977
205275758
205277342
205277745
205278648
205279916
205285100
205289600
205290233
205290277
205290466
205292077
205293581
205312747
205314163
205315677
205320021
205321005
205326018
205326052
205338418
205343322
205345560
205346008
205355375
205359167
205363554
205364526
205366444
205366676
205367006
205373592
205373716
205373893
205375290
205377823
205383125
205386184
205389454
205389468
205390110
205390780
205391949
205393168
205393525
205396506
205396991
205397275
205399487
205403104
205404737
205404887
205406401
205406802
205408313
205410887
205413285
205413290
205414603
205416507
205416727
205417117
205419857
205420448
205420602
205420830
205421743
205422543
205424020
205424531
205426178
205428264
205428278
205428820
205431075
205431449
205431822
205431824
205432526
205432733
205433668
205434680
205435449
205437127
205437681
205438367
205438434
205438739
205439245
205440693
205443172
205443970
205446413
205446938
205449932
205450933
205452846
205453236
205454164
205454438
205454733
205456788
205456999
205458200
205458224
205458722
205458900
205460041
205460171
205461839
205461889
205463059
205463292
205463683
205463857
205463956
205464344
205467732
205467768
205470347
205471638
205472195
205473225
205474120
205476083
205477029
205477423
205478258
205478549
205480243
205480850
205481828
205482756
205483719
205488050
205489786
205489894
205490925
205495137
205495323
205496633
205496667
205498192
205498388
205499733
205500458
205500773
205503076
205505730
205505797
205506785
205507325
205507396
205507894
205508677
205509152
205510143
205511979
205512911
205513107
205513945
205514934
205515187
205516967
205517190
205517382
205518239
205518711
205523955
205524408
205525030
205525936
205527264
205527315
205527407
205528725
205529382
205531435
205534345
205536126
205536237
205538504
205540127
205540266
205540434
205543591
205544095
205546706
205547154
205547607
205549659
205552067
205554453
205556010
205556120
205556490
205558283
205561217
205562347
205563502
205564196
205565549
205566470
205567184
205569714
205570243
205574424
205575021
205577137
205577864
205579923
205581939
205582396
205582829
205582889
205583053
205583068
205583094
205584187
205584326
205584934
205586449
205587528
205588399
205588471
205588762
205588776
205589902
205590575
205592039
205594674
205595119
205595914
205596184
205596590
205596750
205599043
205599283
205599577
205599972
205601030
205602688
205604561
205604843
205605913
205606671
205610702
205613021
205613424
205613477
205614050
205616929
205617446
205617509
205617694
205617954
205618002
205618538
205619340
205620180
205622033
205622195
205622384
205623452
205624260
205625060
205625264
205625357
205625721
205626492
205626585
205627187
205627633
205627871
205628495
205628606
205629790
205629892
205630290
205630797
205631193
205631704
205632704
205632859
205633050
205633138
205633787
205634171
205636599
205636990
205637012
205638127
205638330
205638698
205639217
205639349
205639631
205640921
205642075
205642723
205643013
205643912
205644133
205644186
205645998
205646098
205646296
205647052
205649327
205650238
205650547
205654420
205655538
205657404
205657614
205658713
205659329
205659674
205661613
205663134
205664076
205665500
205665911
205666737
205667068
205667216
205667542
205669197
205669630
205669689
205670578
205671341
205673172
205674462
205675132
205675443
205675656
205676851
205677278
205677419
205677518
205678702
205679468
205679642
205681316
205681631
205682396
205683265
205683714
205684783
205685924
205686256
205686306
205687622
205688383
205690667
205694298
205696041
205696224
205700432
205703281
205703560
205703810
205705460
205705527
205706449
205711614
205716123
205718067
205718311
205729920
205737042
