202569878
202676865
202717132
203352471
203356808
203369778
203372256
203372915
203376043
203429083
203596245
203596258
203630276
203692906
203795359
203814630
203823336
203850425
203856762
203896425
203904870
203905576
203928472
203929332
203944735
203954898
204078986
204091956
204115101
204141928
204187094
204207380
204266965
204321014
204385932
204388640
204488090
204545919
204566857
204604359
204644372
204778376
204780832
204789349
204815607
204876991
204880394
204894780
204903894
204904480
204933419
204979833
204982702
204991654
204994280
205007882
205092468
205114328
205121984
205152526
205164324
205188047
205200600
205200806
205209951
205495245
205558024
205603438
205613964
205624320
205625849
205633718
205654335
205670640
205676611
205684710
