205926273
205962590
205962814
205971981
205978269
205982840
205987947
205994374
205994833
205994924
205995159
205999698
206002435
206010253
206029351
206030624
206032164
206032188
206036810
206038768
206039042
206039234
206041217
206042941
206046842
206047180
206048512
206048937
206050740
206054711
206056155
206060811
206062199
206062497
206062517
206071963
206079165
206085353
206087215
206095403
206096844
206100404
206100814
206105799
206107641
206110325
206111932
206119351
206125077
206126602
206132092
206132405
206132515
206139498
206143264
206143336
206144159
206145148
206146130
206150239
206152240
206152292
206164678
206181269
206182398
206182997
206184433
206185841
206187664
206189858
206205407
206205787
206216931
206222502
206226502
206230943
206233026
206237948
206242642
206243993
206247932
206262071
206271029
206272486
206274838
206281401
206282845
206284191
206289014
206292760
206297882
206302118
206314393
206320221
206322829
206325176
206331021
206355869
206372151
206409999
206410129
206411581
206421168
206422648
206424389
206424731
206449008
206471682
