205900728
205903217
205909110
205910844
205912016
205913735
205914213
205919283
205927960
205930655
205931694
205935619
205936222
205938590
205939315
205944213
205947214
205955339
205958130
205958230
205959481
205961301
205966706
205973663
205974790
205975455
205982900
205989553
205991510
205992585
205992881
206002782
206003031
206006746
206018801
206019504
206019671
206034019
206038483
206049101
206066442
206066909
206068965
206075677
206084435
206109641
206125100
206135075
206137906
206143957
206150592
206162656
206167665
206169891
206183601
206187484
206189410
206211718
206212261
206218258
206218399
206223360
206228430
206240335
206241558
206242108
206252759
206253908
206256886
206260685
206284424
206288770
206298161
206318617
206327158
206328006
206332298
206362189
206366683
206374153
206384416
206391148
206412289
206421677
206426201
206433263
206474395
206485261
206489474
206502364
206521644
