205910324
205934569
205934874
205945953
205955699
205957251
205962262
205962680
205963269
205964285
205968100
205971103
205978103
205978617
205988562
205992164
205992558
205996447
205997818
206001619
206017313
206025663
206037724
206038285
206045146
206045448
206046748
206049222
206058387
206067723
206067769
206081536
206091799
206094711
206094715
206103150
206134477
206139574
206159239
206161767
206168973
206172684
206202136
206216934
206259533
206260730
206268154
206308660
206314138
206378945
206386472
206409852
206416069
206440332
206482854
206483207
206492383
206511754
206532093
