205906626
205924214
205929651
205934378
205938752
205943009
205947774
205954517
205972676
205993244
205995176
205997245
206031528
206033974
206044343
206044766
206051563
206055031
206060516
206061710
206067850
206074814
206079288
206100269
206105575
206108354
206109113
206114927
206119514
206129409
206133061
206138503
206147157
206152015
206162636
206173295
206175552
206189530
206210992
206235171
206251652
206252014
206258216
206258996
206260577
206270974
206273209
206273572
206273744
206275652
206275840
206281827
206290321
206294591
206301310
206311039
206314169
206319939
206321136
206326967
206342320
206352638
206353974
206356447
206358976
206379560
206381260
206382584
206382857
206395626
206412430
206413222
206414462
206418546
206429842
206457216
206457505
206458015
206458594
206463184
206471551
206484738
206492774
