205889250
205890696
205891576
205891876
205891958
205892667
205892677
205893085
205893469
205893603
205893858
205894004
205894358
205894941
205895081
205895252
205895680
205896070
205896348
205896499
205896601
205896721
205896738
205896803
205896873
205897059
205897389
205897543
205897829
205898099
205898238
205898439
205898454
205898849
205898872
205898882
205898894
205898942
205899250
205899663
205899671
205899782
205899868
205900489
205900901
205901212
205901226
205901278
205901713
205902142
205902289
205902368
205902486
205902563
205902846
205902984
205903013
205903167
205903268
205903279
205903300
205903477
205903523
205903713
205903781
205903903
205904010
205904047
205904095
205904127
205904220
205904274
205904494
205904592
205904628
205904697
205904816
205904844
205904964
205905024
205905085
205905261
205905303
205905309
205905356
205905673
205905688
205905919
205905922
205906121
205906140
205906154
205906244
205906246
205906310
205906390
205906443
205906794
205906828
205907116
205907133
205907214
205907443
205907593
205907813
205907895
205907951
205908042
205908064
205908091
205908127
205908167
205908169
205908187
205908296
205908392
205908429
205908463
205908472
205908544
205908609
205908698
205908754
205908778
205908960
205908988
205909307
205909334
205909377
205909389
205909422
205909472
205909728
205909751
205909878
205909993
205910035
205910155
205910513
205910609
205910757
205910781
205910788
205910796
205910823
205910862
205911030
205911091
205911100
205911124
205911178
205911187
205911202
205911237
205911287
205911407
205911488
205911491
205911505
205911536
205911733
205911821
205911851
205911872
205912027
205912028
205912245
205912367
205912386
205912424
205912560
205912715
205912859
205912866
205912889
205912898
205912982
205913009
205913099
205913245
205913285
205913369
205913615
205913731
205913826
205913863
205913992
205914038
205914052
205914127
205914320
205914551
205914673
205914963
205915088
205915157
205915237
205915309
205915365
205915399
205915468
205915490
205915513
205915577
205915731
205915833
205915902
205916083
205916093
205916098
205916458
205916496
205916507
205916737
205916793
205916847
205916861
205916875
205916940
205916941
205917005
205917074
205917099
205917153
205917162
205917243
205917263
205917297
205917325
205917338
205917419
205917435
205917469
205917471
205917600
205917699
205917728
205917842
205917849
205917896
205917956
205917986
205917993
205918058
205918113
205918278
205918335
205918363
205918377
205918432
205918625
205918638
205918732
205918796
205918843
205918928
205919039
205919060
205919177
205919478
205919506
205919555
205919614
205919877
205919971
205920007
205920179
205920236
205920347
205920350
205920431
205920492
205920524
205920561
205920687
205920873
205920906
205920914
205920995
205921032
205921044
205921078
205921143
205921400
205921407
205921423
205921436
205921584
205921691
205921707
205921749
205921868
205921958
205922003
205922011
205922042
205922124
205922171
205922224
205922229
205922257
205922361
205922368
205922470
205922540
205922566
205922648
205922735
205922796
205922856
205922886
205922972
205922994
205923089
205923133
205923146
205923156
205923280
205923284
205923351
205923359
205923375
205923456
205923578
205923645
205923656
205923787
205923813
205923870
205923900
205923908
205923910
205923914
205924057
205924063
205924173
205924188
205924248
205924278
205924302
205924419
205924466
205924501
205924575
205924593
205924598
205924604
205924614
205924631
205924734
205924795
205924842
205925017
205925018
205925131
205925133
205925135
205925151
205925176
205925194
205925390
205925602
205925807
205925873
205925967
205925986
205926014
205926055
205926088
205926146
205926240
205926283
205926322
205926333
205926404
205926505
205926511
205926631
205926726
205926738
205926751
205926823
205926926
205926979
205926991
205927056
205927104
205927266
205927344
205927366
205927390
205927392
205927476
205927528
205927563
205927592
205927655
205927668
205927680
205927759
205927832
205927870
205927877
205927879
205928036
205928074
205928132
205928240
205928328
205928337
205928349
205928505
205928528
205928570
205928610
205928685
205928705
205928726
205928834
205928911
205929034
205929054
205929080
205929116
205929208
205929216
205929266
205929352
205929460
205929473
205929676
205929691
205929760
205929769
205929811
205929927
205929982
205930137
205930191
205930204
205930275
205930293
205930326
205930391
205930437
205930485
205930527
205930596
205930624
205930745
205930773
205930806
205930831
205930855
205930900
205931007
205931069
205931083
205931093
205931197
205931354
205931533
205931546
205931577
205931579
205931608
205931624
205931628
205931661
205932013
205932033
205932159
205932188
205932218
205932262
205932300
205932341
205932452
205932644
205932647
205932742
205932775
205932812
205932894
205933069
205933179
205933248
205933284
205933375
205933526
205933549
205933593
205933913
205933915
205933967
205933985
205934037
205934106
205934195
205934242
205934280
205934312
205934320
205934341
205934370
205934375
205934458
205934739
205934759
205934796
205934813
205934859
205934862
205935044
205935063
205935064
205935182
205935183
205935192
205935237
205935328
205935353
205935417
205935462
205935513
205935600
205935609
205935647
205935673
205935712
205935805
205935835
205935861
205935953
205935967
205935969
205936043
205936070
205936095
205936120
205936142
205936179
205936311
205936352
205936383
205936398
205936535
205936561
205936749
205936903
205936921
205936941
205936960
205936979
205937017
205937053
205937064
205937120
205937226
205937227
205937285
205937375
205937379
205937410
205937442
205937472
205937559
205937572
205937587
205937633
205937656
205937662
205937797
205937958
205938005
205938040
205938041
205938046
205938121
205938147
205938158
205938167
205938176
205938210
205938316
205938322
205938337
205938338
205938369
205938377
205938391
205938453
205938524
205938537
205938578
205938625
205938653
205938719
205938722
205938750
205938753
205938819
205938820
205938826
205938866
205938941
205938950
205939046
205939212
205939273
205939330
205939537
205939610
205939624
205939625
205939627
205939680
205939706
205939833
205939835
205939865
205939962
205939985
205940225
205940228
205940229
205940410
205940423
205940464
205940581
205940674
205940677
205940708
205940747
205941011
205941043
205941180
205941193
205941194
205941196
205941211
205941259
205941296
205941321
205941410
205941422
205941423
205941448
205941453
205941526
205941554
205941565
205941673
205941787
205941822
205941840
205941842
205941857
205941962
205942040
205942150
205942268
205942270
205942331
205942336
205942344
205942398
205942463
205942481
205942682
205942684
205942762
205942773
205942778
205942817
205942819
205942838
205942857
205942867
205942930
205942958
205942989
205942992
205942995
205943011
205943084
205943150
205943203
205943222
205943239
205943299
205943322
205943325
205943351
205943409
205943540
205943619
205943679
205943686
205943728
205943807
205943826
205944178
205944181
205944199
205944277
205944358
205944420
205944425
205944433
205944453
205944495
205944559
205944590
205944666
205944723
205944850
205944863
205944913
205945132
205945146
205945158
205945160
205945162
205945217
205945222
205945234
205945260
205945331
205945340
205945365
205945376
205945395
205945516
205945612
205945657
205945716
205945757
205945797
205945955
205946087
205946111
205946209
205946304
205946356
205946365
205946454
205946480
205946494
205946580
205946682
205946702
205946789
205946940
205946958
205946992
205947026
205947048
205947093
205947105
205947286
205947348
205947391
205947443
205947483
205947530
205947743
205947977
205948117
205948121
205948272
205948419
205948433
205948516
205948681
205948968
205948974
205949066
205949153
205949211
205949274
205949304
205949328
205949405
205949503
205949504
205949519
205949539
205949613
205949726
205950053
205950111
205950116
205950126
205950221
205950253
205950267
205950293
205950309
205950343
205950544
205950574
205950779
205950813
205950842
205950854
205950983
205951014
205951131
205951216
205951233
205951383
205951387
205951420
205951484
205951485
205951502
205951504
205951609
205951715
205951739
205951753
205951794
205951808
205951880
205952084
205952090
205952128
205952135
205952139
205952210
205952309
205952324
205952359
205952500
205952539
205952605
205952648
205952682
205952749
205952775
205952817
205952863
205952868
205952869
205952875
205952892
205952901
205952931
205952956
205952992
205953137
205953142
205953151
205953171
205953287
205953312
205953373
205953389
205953397
205953416
205953440
205953480
205953522
205953547
205953575
205953611
205953625
205953684
205953768
205953769
205953796
205953803
205953808
205953858
205953865
205953896
205953946
205953950
205954004
205954011
205954015
205954031
205954042
205954094
205954194
205954224
205954247
205954273
205954328
205954366
205954382
205954477
205954528
205954646
205954783
205954800
205954897
205954906
205954919
205954958
205954972
205955030
205955037
205955086
205955162
205955205
205955212
205955232
205955341
205955475
205955477
205955507
205955544
205955585
205955599
205955655
205955679
205955748
205955838
205955859
205955888
205955922
205955978
205956055
205956116
205956124
205956207
205956257
205956283
205956292
205956294
205956334
205956357
205956404
205956494
205956518
205956539
205956587
205956779
205956831
205956858
205956929
205956947
205957007
205957022
205957093
205957213
205957215
205957250
205957276
205957307
205957374
205957375
205957462
205957479
205957588
205957634
205957680
205957761
205957845
205957885
205957977
205958072
205958105
205958152
205958177
205958193
205958198
205958231
205958262
205958273
205958337
205958354
205958363
205958376
205958398
205958522
205958532
205958534
205958577
205958598
205958625
205958628
205958634
205958726
205958776
205958836
205958879
205959117
205959203
205959276
205959339
205959340
205959345
205959383
205959757
205959771
205959783
205959792
205959806
205959905
205959912
205959934
205960029
205960036
205960122
205960124
205960134
205960158
205960192
205960196
205960286
205960336
205960438
205960470
205960598
205960630
205960649
205960678
205960705
205960779
205960846
205960885
205960923
205960937
205960948
205960995
205961001
205961029
205961176
205961251
205961291
205961392
205961471
205961483
205961487
205961502
205961549
205961647
205961675
205961811
205961849
205961868
205961875
205961917
205961934
205961983
205961984
205962117
205962202
205962226
205962267
205962294
205962305
205962329
205962375
205962387
205962421
205962429
205962432
205962442
205962618
205962637
205962638
205962722
205962768
205962876
205962905
205962913
205962958
205962979
205963039
205963066
205963088
205963100
205963193
205963199
205963225
205963264
205963275
205963341
205963359
205963374
205963376
205963412
205963435
205963438
205963539
205963558
205963569
205963824
205964004
205964021
205964034
205964084
205964123
205964147
205964170
205964202
205964250
205964329
205964449
205964468
205964482
205964574
205964618
205964642
205964708
205964749
205964817
205964952
205965144
205965210
205965232
205965238
205965241
205965267
205965289
205965370
205965398
205965431
205965438
205965447
205965466
205965538
205965595
205965619
205965632
205965684
205965707
205965742
205965816
205965852
205965856
205965871
205965960
205966134
205966157
205966197
205966244
205966258
205966460
205966477
205966516
205966694
205966761
205966795
205966826
205966848
205966866
205967004
205967077
205967156
205967173
205967211
205967280
205967327
205967347
205967414
205967453
205967487
205967505
205967546
205967731
205967828
205967888
205967938
205967955
205968010
205968026
205968049
205968069
205968095
205968102
205968133
205968150
205968202
205968294
205968379
205968398
205968453
205968470
205968548
205968551
205968627
205968672
205968700
205968719
205968722
205968730
205968733
205968799
205968819
205968836
205968914
205968994
205969069
205969111
205969167
205969177
205969197
205969267
205969306
205969345
205969375
205969439
205969526
205969543
205969574
205969592
205969632
205969634
205969718
205969761
205969774
205969785
205969808
205969825
205969828
205969832
205969844
205969893
205969957
205970103
205970125
205970157
205970161
205970167
205970272
205970286
205970333
205970402
205970424
205970463
205970550
205970559
205970626
205970667
205970675
205970716
205970767
205970785
205970855
205970867
205970868
205970938
205971147
205971219
205971278
205971313
205971325
205971447
205971463
205971648
205971682
205971758
205971795
205971888
205971954
205972020
205972059
205972116
205972159
205972309
205972358
205972359
205972379
205972437
205972517
205972533
205972634
205972668
205972795
205972881
205972956
205973028
205973040
205973098
205973212
205973391
205973393
205973417
205973440
205973455
205973457
205973478
205973499
205973559
205973640
205973676
205973739
205973806
205973872
205973893
205973903
205973992
205974062
205974107
205974115
205974148
205974245
205974254
205974318
205974462
205974820
205974823
205974843
205974871
205974974
205975008
205975117
205975223
205975255
205975292
205975412
205975420
205975447
205975545
205975573
205975632
205975647
205975649
205975655
205975667
205975707
205975760
205975828
205975838
205975885
205975958
205975966
205975967
205975970
205976030
205976091
205976128
205976140
205976189
205976205
205976299
205976304
205976392
205976407
205976459
205976605
205976631
205976648
205976689
205976728
205976768
205976904
205976955
205976964
205977026
205977058
205977069
205977080
205977125
205977217
205977223
205977276
205977294
205977363
205977374
205977390
205977490
205977552
205977567
205977569
205977667
205977670
205977720
205977740
205977782
205977798
205977886
205977964
205977968
205978013
205978144
205978151
205978180
205978224
205978295
205978305
205978493
205978573
205978599
205978631
205978669
205978711
205978727
205978728
205978799
205978867
205978925
205978988
205978992
205979004
205979023
205979159
205979198
205979274
205979433
205979448
205979483
205979522
205979526
205979624
205979712
205979796
205979872
205979901
205979931
205979975
205980065
205980146
205980226
205980246
205980461
205980511
205980574
205980583
205980632
205980653
205980825
205980932
205981019
205981036
205981092
205981128
205981158
205981188
205981290
205981362
205981465
205981493
205981567
205981601
205981680
205981683
205981689
205981706
205981724
205981777
205981802
205981827
205981897
205981913
205981924
205981981
205982043
205982057
205982067
205982135
205982159
205982177
205982204
205982230
205982255
205982279
205982295
205982333
205982383
205982395
205982410
205982496
205982549
205982649
205982653
205982757
205982763
205982772
205983017
205983082
205983125
205983251
205983265
205983299
205983362
205983412
205983475
205983602
205983614
205983623
205983722
205983823
205983836
205984114
205984140
205984228
205984270
205984356
205984426
205984468
205984543
205984559
205984577
205984597
205984736
205984791
205984809
205984885
205984896
205984898
205984965
205984984
205985004
205985165
205985235
205985260
205985297
205985299
205985386
205985428
205985623
205985795
205985804
205985980
205986067
205986087
205986097
205986125
205986142
205986180
205986182
205986238
205986242
205986315
205986323
205986349
205986376
205986510
205986518
205986619
205986629
205986703
205986724
205986856
205986891
205986913
205987005
205987054
205987057
205987067
205987260
205987319
205987322
205987465
205987495
205987584
205987596
205987738
205987938
205987980
205987999
205988017
205988109
205988120
205988269
205988298
205988308
205988311
205988500
205988656
205988789
205988857
205988931
205988973
205989191
205989249
205989275
205989308
205989326
205989339
205989470
205989487
205989565
205989755
205989797
205989863
205989909
205989915
205989929
205989946
205990048
205990066
205990095
205990142
205990243
205990306
205990428
205990489
205990545
205990834
205990904
205990913
205990947
205990966
205990970
205991045
205991080
205991094
205991117
205991119
205991130
205991327
205991391
205991396
205991433
205991466
205991665
205991699
205991751
205991871
205991985
205992212
205992326
205992336
205992378
205992437
205992463
205992539
205992554
205992614
205992653
205992676
205992705
205992724
205992725
205992746
205992781
205992795
205992914
205992924
205993066
205993114
205993129
205993206
205993219
205993252
205993299
205993384
205993403
205993418
205993484
205993612
205993697
205993741
205993768
205993783
205993805
205993856
205993859
205993924
205993973
205993991
205994015
205994126
205994152
205994158
205994160
205994215
205994225
205994283
205994343
205994420
205994421
205994443
205994495
205994549
205994578
205994803
205994827
205994864
205994884
205995047
205995091
205995150
205995171
205995192
205995225
205995372
205995424
205995516
205995522
205995524
205995565
205995569
205995578
205995584
205995590
205995691
205995692
205995746
205995814
205995865
205995901
205996025
205996103
205996159
205996304
205996406
205996464
205996504
205996588
205996592
205996634
205996761
205996873
205996935
205996991
205997035
205997118
205997151
205997201
205997205
205997217
205997231
205997248
205997312
205997313
205997437
205997466
205997501
205997601
205997602
205997667
205997746
205997773
205997782
205997816
205997847
205997943
205997990
205998053
205998079
205998150
205998173
205998178
205998214
205998250
205998415
205998445
205998476
205998515
205998593
205998670
205998696
205998721
205998749
205998756
205998821
205998847
205998953
205999029
205999122
205999159
205999162
205999237
205999238
205999259
205999260
205999272
205999275
205999276
205999322
205999340
205999354
205999380
205999405
205999460
205999531
205999601
205999750
205999807
205999925
205999950
205999985
206000020
206000099
206000196
206000299
206000303
206000365
206000446
206000539
206000548
206000555
206000610
206000632
206000659
206000724
206000751
206000772
206000848
206000974
206001005
206001008
206001016
206001038
206001048
206001234
206001385
206001422
206001489
206001536
206001660
206001689
206001721
206001757
206001789
206001796
206001934
206002056
206002089
206002094
206002117
206002128
206002159
206002215
206002319
206002320
206002426
206002430
206002491
206002521
206002561
206002578
206002606
206002634
206002717
206002813
206002827
206002884
206002886
206002905
206002917
206002950
206002967
206002970
206003035
206003059
206003077
206003117
206003299
206003308
206003340
206003437
206003523
206003623
206003702
206003753
206003816
206003823
206003838
206003917
206003929
206003937
206004024
206004051
206004117
206004159
206004235
206004283
206004352
206004383
206004397
206004622
206004717
206004730
206004773
206004789
206004813
206004819
206004829
206004843
206004885
206004910
206004937
206004963
206005043
206005113
206005149
206005184
206005223
206005250
206005278
206005309
206005342
206005374
206005405
206005417
206005471
206005566
206005590
206005878
206005881
206005910
206005928
206006058
206006113
206006156
206006197
206006237
206006296
206006303
206006304
206006336
206006376
206006388
206006443
206006487
206006586
206006609
206006723
206006739
206006812
206006881
206006922
206006988
206007066
206007090
206007123
206007124
206007166
206007283
206007285
206007310
206007348
206007354
206007358
206007447
206007454
206007506
206007587
206007654
206007711
206007714
206007828
206007877
206007916
206007965
206007972
206008006
206008049
206008067
206008091
206008099
206008194
206008299
206008313
206008315
206008353
206008387
206008404
206008439
206008455
206008488
206008525
206008588
206008603
206008630
206008635
206008655
206008799
206008849
206008853
206008859
206008938
206008956
206009086
206009110
206009171
206009176
206009192
206009259
206009322
206009397
206009413
206009421
206009487
206009500
206009504
206009541
206009713
206009796
206009897
206009905
206009938
206010019
206010061
206010094
206010129
206010252
206010395
206010419
206010437
206010442
206010574
206010592
206010609
206010628
206010646
206010700
206010721
206010781
206010869
206010899
206010931
206010946
206011032
206011131
206011206
206011251
206011276
206011316
206011361
206011366
206011409
206011436
206011466
206011498
206011510
206011511
206011529
206011578
206011649
206011670
206011677
206011684
206011740
206011788
206011849
206011867
206012057
206012076
206012157
206012172
206012231
206012256
206012269
206012300
206012335
206012354
206012512
206012567
206012574
206012599
206012743
206012818
206012838
206012865
206012870
206012901
206013096
206013138
206013231
206013238
206013241
206013255
206013301
206013306
206013332
206013346
206013367
206013419
206013430
206013466
206013511
206013581
206013597
206013606
206013643
206013697
206013705
206013709
206013729
206013776
206013821
206013913
206013919
206013991
206014025
206014033
206014045
206014074
206014077
206014091
206014097
206014107
206014112
206014117
206014119
206014135
206014144
206014161
206014178
206014261
206014356
206014380
206014402
206014499
206014636
206014651
206014678
206014798
206014835
206014841
206014910
206015087
206015123
206015126
206015141
206015344
206015475
206015532
206015564
206015566
206015594
206015636
206015673
206015753
206015768
206015770
206015979
206015981
206015983
206016007
206016063
206016071
206016098
206016111
206016121
206016165
206016342
206016425
206016538
206016581
206016601
206016610
206016640
206016646
206016668
206016674
206016756
206016845
206016849
206016966
206016980
206017019
206017168
206017216
206017352
206017420
206017503
206017574
206017646
206017673
206017689
206017718
206017754
206017901
206017948
206018092
206018161
206018166
206018172
206018174
206018227
206018244
206018411
206018471
206018496
206018634
206018673
206018726
206018736
206018790
206018791
206018865
206018872
206018924
206018951
206018985
206019088
206019089
206019101
206019236
206019270
206019315
206019350
206019387
206019402
206019548
206019636
206019696
206019700
206019767
206019787
206019796
206019837
206019853
206019865
206019961
206020082
206020125
206020262
206020271
206020372
206020411
206020580
206020622
206020657
206020713
206020725
206020781
206020795
206020805
206020918
206020922
206021040
206021073
206021218
206021224
206021225
206021245
206021321
206021355
206021384
206021482
206021524
206021601
206021640
206021645
206021795
206021848
206021886
206021920
206022129
206022236
206022257
206022274
206022299
206022414
206022418
206022593
206022614
206022625
206022630
206022651
206022653
206022739
206022783
206022825
206022899
206022953
206022987
206023017
206023175
206023297
206023347
206023362
206023377
206023468
206023494
206023541
206023548
206023554
206023600
206023696
206023700
206023728
206023751
206023794
206023949
206023978
206024028
206024046
206024056
206024119
206024195
206024309
206024341
206024342
206024379
206024383
206024677
206024723
206024741
206024805
206024919
206024981
206025072
206025145
206025147
206025150
206025199
206025274
206025360
206025394
206025398
206025399
206025430
206025500
206025590
206025651
206025666
206025673
206025772
206025791
206025866
206025884
206025896
206025914
206026045
206026057
206026073
206026076
206026126
206026143
206026274
206026285
206026355
206026526
206026563
206026579
206026608
206026615
206026642
206026701
206026795
206026819
206026831
206026896
206027048
206027050
206027116
206027220
206027358
206027411
206027631
206027645
206027806
206027856
206027866
206027875
206027891
206028060
206028095
206028243
206028245
206028290
206028301
206028335
206028344
206028374
206028447
206028451
206028487
206028533
206028546
206028547
206028553
206028594
206028599
206028618
206028685
206028721
206028722
206028785
206028871
206028879
206028965
206029102
206029135
206029174
206029182
206029242
206029291
206029302
206029329
206029338
206029364
206029384
206029401
206029410
206029462
206029572
206029576
206029720
206029732
206029752
206030019
206030036
206030062
206030078
206030089
206030172
206030191
206030225
206030279
206030322
206030339
206030360
206030383
206030399
206030433
206030445
206030464
206030504
206030526
206030560
206030572
206030739
206030783
206030820
206030884
206030915
206030934
206030937
206030999
206031013
206031054
206031169
206031185
206031222
206031267
206031281
206031298
206031317
206031325
206031380
206031390
206031471
206031489
206031513
206031603
206031623
206031627
206031643
206031673
206031715
206031772
206031789
206031795
206031811
206031887
206031979
206032004
206032032
206032033
206032040
206032058
206032309
206032332
206032372
206032445
206032467
206032474
206032482
206032640
206032676
206032693
206032708
206032718
206032762
206032781
206032870
206032888
206032901
206032934
206032954
206033016
206033130
206033137
206033168
206033180
206033200
206033237
206033267
206033288
206033305
206033350
206033393
206033456
206033528
206033549
206033552
206033589
206033615
206033621
206033622
206033630
206033681
206033694
206033704
206033809
206033835
206034034
206034056
206034106
206034127
206034157
206034179
206034312
206034368
206034378
206034563
206034580
206034636
206034663
206034766
206034789
206034792
206034839
206034979
206035082
206035089
206035160
206035175
206035235
206035260
206035263
206035268
206035339
206035350
206035385
206035415
206035451
206035503
206035513
206035550
206035618
206035651
206035700
206035718
206035731
206035736
206035792
206035867
206035904
206035912
206036017
206036031
206036071
206036165
206036255
206036262
206036302
206036357
206036375
206036378
206036389
206036416
206036666
206036671
206036741
206036813
206036963
206037066
206037252
206037306
206037311
206037334
206037368
206037393
206037440
206037530
206037600
206037672
206037719
206037739
206037748
206037766
206037863
206037872
206038025
206038121
206038156
206038177
206038186
206038199
206038223
206038331
206038335
206038350
206038366
206038514
206038546
206038596
206038603
206038711
206038745
206038753
206038755
206038811
206038852
206038861
206038918
206039180
206039243
206039252
206039265
206039266
206039300
206039319
206039372
206039457
206039540
206039654
206039660
206039882
206039930
206039984
206040058
206040233
206040337
206040355
206040364
206040447
206040457
206040480
206040482
206040524
206040527
206040532
206040562
206040650
206040674
206040685
206040722
206040737
206040746
206040747
206040772
206040864
206040866
206040901
206041011
206041067
206041118
206041119
206041152
206041339
206041423
206041454
206041480
206041494
206041502
206041509
206041579
206041661
206041747
206041777
206041820
206041837
206041852
206041856
206041872
206041877
206041971
206041983
206042052
206042053
206042098
206042254
206042255
206042316
206042332
206042507
206042573
206042579
206042627
206042636
206042693
206042716
206042852
206042869
206042985
206042996
206043021
206043023
206043061
206043147
206043150
206043157
206043225
206043297
206043391
206043479
206043525
206043545
206043758
206043761
206043774
206043817
206043819
206043931
206043990
206044002
206044015
206044029
206044060
206044071
206044110
206044127
206044133
206044176
206044216
206044222
206044239
206044262
206044294
206044359
206044375
206044376
206044403
206044733
206044763
206044765
206044823
206044871
206044934
206044943
206044954
206045005
206045034
206045066
206045069
206045090
206045100
206045147
206045166
206045204
206045300
206045363
206045365
206045409
206045486
206045504
206045552
206045622
206045659
206045708
206045802
206045926
206045938
206045982
206046045
206046054
206046081
206046121
206046124
206046177
206046288
206046297
206046332
206046469
206046479
206046518
206046757
206046788
206046790
206046868
206046950
206046984
206047007
206047021
206047037
206047048
206047062
206047113
206047252
206047259
206047286
206047399
206047401
206047455
206047512
206047521
206047597
206047650
206047730
206047772
206047846
206047900
206047916
206048041
206048095
206048097
206048121
206048172
206048215
206048247
206048274
206048346
206048350
206048378
206048386
206048479
206048559
206048563
206048575
206048614
206048828
206048855
206048862
206049073
206049125
206049225
206049329
206049331
206049364
206049412
206049544
206049554
206049671
206049740
206049764
206049789
206049800
206049811
206049818
206049924
206049954
206049991
206050017
206050109
206050140
206050222
206050406
206050466
206050507
206050515
206050709
206050902
206050904
206051054
206051094
206051173
206051215
206051382
206051443
206051450
206051565
206051659
206051661
206051663
206051737
206051846
206051857
206051860
206051904
206051940
206051986
206052022
206052115
206052123
206052160
206052235
206052277
206052313
206052452
206052533
206052563
206052597
206052618
206052673
206052756
206052770
206052803
206052811
206052833
206052953
206053001
206053048
206053062
206053138
206053173
206053200
206053295
206053352
206053593
206053602
206053622
206053626
206053649
206053651
206053652
206053675
206053836
206053877
206053881
206053890
206053900
206053953
206054011
206054081
206054186
206054280
206054499
206054604
206054614
206054616
206054670
206054678
206054940
206055061
206055159
206055204
206055433
206055447
206055453
206055602
206055629
206055698
206055733
206055764
206055794
206055802
206055865
206055949
206055971
206056181
206056183
206056197
206056226
206056310
206056320
206056337
206056430
206056433
206056442
206056517
206056566
206056598
206056634
206056771
206056826
206056961
206057027
206057103
206057170
206057229
206057237
206057281
206057287
206057295
206057360
206057532
206057551
206057623
206057639
206057654
206057700
206057813
206057842
206057853
206057859
206057894
206057904
206057905
206057917
206057925
206057930
206058209
206058232
206058234
206058243
206058245
206058272
206058287
206058338
206058354
206058400
206058433
206058474
206058540
206058586
206058619
206058625
206058637
206058646
206058808
206058851
206058869
206058923
206058970
206059009
206059142
206059221
206059267
206059441
206059445
206059464
206059508
206059518
206059654
206059688
206059762
206059825
206059916
206059931
206060021
206060074
206060077
206060224
206060248
206060255
206060349
206060353
206060374
206060584
206060611
206060619
206060650
206060670
206060787
206060795
206060923
206060978
206060983
206061018
206061037
206061101
206061155
206061257
206061276
206061283
206061388
206061412
206061446
206061508
206061524
206061540
206061562
206061645
206061731
206061772
206061773
206062165
206062212
206062226
206062240
206062311
206062345
206062346
206062455
206062458
206062533
206062541
206062545
206062608
206062618
206062738
206062812
206062874
206062895
206062898
206062922
206062972
206063047
206063069
206063128
206063141
206063183
206063267
206063382
206063400
206063437
206063516
206063680
206063686
206063691
206063705
206063780
206063806
206063874
206063923
206063962
206064075
206064134
206064261
206064368
206064393
206064502
206064541
206064580
206064650
206064678
206064711
206064730
206064738
206064846
206064878
206064961
206065006
206065063
206065122
206065142
206065150
206065152
206065226
206065325
206065371
206065394
206065399
206065475
206065519
206065533
206065597
206065605
206065628
206065663
206065686
206065795
206065898
206065920
206065971
206066006
206066031
206066046
206066055
206066083
206066085
206066120
206066126
206066158
206066175
206066195
206066294
206066342
206066408
206066437
206066487
206066537
206066648
206066676
206066775
206066799
206066838
206066911
206066989
206066994
206067016
206067127
206067203
206067238
206067494
206067528
206067626
206067693
206067745
206067842
206067886
206067990
206068060
206068207
206068212
206068224
206068229
206068338
206068362
206068368
206068385
206068391
206068520
206068538
206068550
206068574
206068622
206068776
206068784
206068823
206068852
206068860
206068894
206068930
206069049
206069118
206069140
206069212
206069348
206069542
206069575
206069609
206069656
206069721
206069764
206069787
206069796
206069812
206069814
206069948
206069993
206069999
206070032
206070098
206070145
206070250
206070251
206070270
206070319
206070333
206070377
206070413
206070505
206070517
206070568
206070703
206070719
206070739
206070746
206070852
206070864
206070882
206070970
206070993
206071061
206071231
206071278
206071402
206071410
206071429
206071555
206071838
206071929
206071932
206071938
206071995
206071999
206072007
206072151
206072213
206072215
206072254
206072294
206072346
206072377
206072393
206072463
206072506
206072609
206072621
206072629
206072640
206072644
206072700
206072784
206072799
206072842
206072844
206072893
206072895
206072998
206073023
206073124
206073140
206073188
206073198
206073212
206073220
206073333
206073474
206073699
206073730
206073755
206073788
206074144
206074163
206074204
206074281
206074286
206074349
206074360
206074419
206074431
206074509
206074581
206074684
206074719
206074739
206074743
206074809
206074867
206075005
206075040
206075058
206075070
206075198
206075229
206075244
206075298
206075445
206075532
206075659
206075766
206075939
206075976
206075999
206076072
206076076
206076107
206076119
206076127
206076193
206076240
206076260
206076270
206076287
206076322
206076359
206076478
206076621
206076660
206076665
206076739
206076901
206076911
206076913
206076919
206076957
206076959
206076995
206077010
206077017
206077083
206077158
206077189
206077248
206077300
206077411
206077475
206077555
206077576
206077637
206077655
206077694
206077699
206077765
206077779
206077858
206077871
206077937
206078073
206078088
206078107
206078274
206078331
206078409
206078418
206078486
206078515
206078608
206078850
206078883
206078918
206078976
206079177
206079276
206079318
206079331
206079380
206079414
206079440
206079467
206079488
206079550
206079576
206079600
206079640
206079758
206079784
206079824
206079863
206079869
206079886
206079898
206079912
206079917
206079921
206079991
206079998
206079999
206080021
206080022
206080032
206080035
206080116
206080161
206080234
206080237
206080330
206080367
206080460
206080679
206080697
206080742
206080822
206080849
206080860
206080862
206080970
206080987
206081041
206081087
206081089
206081150
206081153
206081160
206081164
206081439
206081467
206081482
206081489
206081565
206081631
206081642
206081658
206081728
206081847
206081850
206081915
206081921
206081928
206082048
206082052
206082058
206082101
206082183
206082200
206082289
206082299
206082363
206082393
206082413
206082454
206082521
206082574
206082623
206082760
206082801
206082862
206082905
206082923
206082976
206083006
206083037
206083060
206083269
206083275
206083331
206083364
206083369
206083461
206083468
206083501
206083559
206083674
206083785
206083923
206083935
206084043
206084080
206084105
206084179
206084231
206084311
206084385
206084545
206084549
206084621
206084644
206084717
206084736
206084802
206084848
206084858
206084897
206084909
206084984
206085024
206085055
206085063
206085066
206085072
206085101
206085107
206085162
206085180
206085197
206085231
206085384
206085386
206085504
206085595
206085648
206085752
206085877
206085942
206085956
206086011
206086021
206086044
206086070
206086071
206086157
206086201
206086431
206086459
206086480
206086485
206086531
206086546
206086640
206086710
206086960
206086977
206086983
206087088
206087151
206087241
206087247
206087260
206087261
206087278
206087303
206087334
206087369
206087530
206087636
206087637
206087643
206087663
206087686
206087709
206087745
206087786
206087831
206087834
206087850
206087876
206087894
206087962
206088011
206088078
206088139
206088258
206088421
206088457
206088551
206088552
206088596
206088624
206088630
206088632
206088636
206088664
206088722
206088725
206088742
206088762
206088772
206088822
206088828
206088847
206088888
206088895
206088899
206088926
206088928
206089037
206089038
206089039
206089048
206089067
206089221
206089222
206089353
206089354
206089359
206089367
206089372
206089495
206089508
206089540
206089560
206089601
206089659
206089674
206089691
206089710
206089754
206089781
206089784
206089841
206089945
206089959
206090104
206090182
206090265
206090282
206090287
206090293
206090304
206090406
206090445
206090507
206090552
206090566
206090630
206090723
206090915
206090978
206091028
206091081
206091127
206091140
206091234
206091417
206091465
206091472
206091489
206091541
206091569
206091582
206091617
206091643
206091718
206091740
206091749
206091759
206091767
206091821
206091906
206091999
206092080
206092110
206092111
206092129
206092156
206092198
206092272
206092287
206092307
206092316
206092331
206092344
206092385
206092433
206092459
206092606
206092615
206092629
206092648
206092710
206092767
206092799
206093015
206093072
206093153
206093212
206093240
206093326
206093337
206093372
206093394
206093437
206093446
206093469
206093520
206093536
206093540
206093553
206093573
206093574
206093607
206093627
206093726
206093786
206093833
206093840
206093844
206093851
206093918
206093932
206093935
206093964
206093980
206094004
206094042
206094049
206094098
206094132
206094350
206094392
206094496
206094498
206094501
206094503
206094571
206094583
206094605
206094727
206094754
206094821
206094833
206094848
206094922
206094957
206094975
206095055
206095108
206095133
206095148
206095171
206095196
206095203
206095220
206095231
206095259
206095276
206095277
206095394
206095444
206095460
206095550
206095563
206095588
206095600
206095610
206095727
206095869
206095893
206095980
206096001
206096021
206096028
206096118
206096139
206096191
206096245
206096246
206096257
206096280
206096291
206096390
206096433
206096456
206096461
206096477
206096529
206096566
206096568
206096692
206096854
206096880
206096941
206096994
206097070
206097128
206097188
206097292
206097380
206097411
206097444
206097453
206097482
206097819
206097821
206097882
206097905
206097921
206097958
206098028
206098059
206098132
206098144
206098148
206098180
206098209
206098308
206098326
206098339
206098382
206098383
206098406
206098417
206098567
206098619
206098661
206098732
206098833
206098880
206098896
206098990
206099066
206099197
206099224
206099283
206099383
206099454
206099456
206099463
206099498
206099565
206099917
206099965
206099985
206100060
206100063
206100100
206100164
206100165
206100195
206100203
206100210
206100274
206100286
206100303
206100363
206100412
206100485
206100510
206100546
206100601
206100614
206100647
206100786
206100849
206100877
206100889
206100991
206101008
206101051
206101071
206101079
206101104
206101111
206101127
206101145
206101150
206101304
206101326
206101393
206101404
206101438
206101448
206101493
206101574
206101654
206101719
206101836
206101863
206101920
206101964
206102006
206102047
206102116
206102171
206102203
206102219
206102259
206102266
206102293
206102366
206102397
206102415
206102451
206102462
206102476
206102485
206102582
206102668
206102716
206102753
206102757
206102994
206103158
206103165
206103210
206103212
206103213
206103256
206103260
206103288
206103305
206103383
206103436
206103524
206103554
206103594
206103601
206103619
206103632
206103705
206103779
206103890
206103976
206104022
206104035
206104084
206104118
206104142
206104172
206104183
206104238
206104409
206104410
206104425
206104452
206104478
206104631
206104637
206104671
206104741
206104778
206104791
206104835
206104887
206104969
206105055
206105068
206105101
206105133
206105171
206105199
206105269
206105323
206105393
206105433
206105503
206105526
206105527
206105565
206105566
206105586
206105643
206105679
206105762
206105787
206105819
206105969
206106032
206106083
206106092
206106173
206106199
206106206
206106392
206106465
206106536
206106578
206106593
206106667
206106803
206106836
206106840
206106865
206107122
206107186
206107194
206107215
206107225
206107241
206107253
206107346
206107348
206107602
206107619
206107687
206107727
206107808
206107892
206107945
206108068
206108219
206108228
206108284
206108325
206108352
206108395
206108434
206108484
206108522
206108630
206108727
206108754
206108760
206108852
206108910
206109112
206109121
206109169
206109218
206109248
206109273
206109317
206109324
206109406
206109486
206109489
206109504
206109598
206109674
206109790
206109832
206109923
206109942
206109972
206110029
206110133
206110143
206110163
206110202
206110212
206110253
206110307
206110345
206110374
206110380
206110389
206110405
206110566
206110644
206110660
206110683
206110690
206110770
206110784
206110805
206110870
206110903
206110968
206110988
206110991
206111003
206111008
206111122
206111133
206111281
206111327
206111359
206111461
206111615
206111692
206111736
206111817
206111822
206111830
206111893
206112007
206112049
206112187
206112252
206112318
206112332
206112395
206112468
206112486
206112517
206112518
206112670
206112707
206112725
206112757
206112957
206112997
206113015
206113033
206113159
206113207
206113215
206113348
206113386
206113423
206113461
206113518
206113630
206113692
206113833
206113866
206113918
206113923
206113945
206113978
206114002
206114041
206114068
206114085
206114262
206114294
206114314
206114400
206114425
206114457
206114532
206114577
206114616
206114667
206114701
206114834
206114889
206114954
206115062
206115069
206115071
206115258
206115268
206115272
206115337
206115557
206115603
206115717
206115760
206115828
206115869
206115945
206115972
206115995
206116176
206116269
206116318
206116359
206116371
206116442
206116444
206116491
206116541
206116546
206116547
206116619
206116629
206116773
206116779
206116793
206116796
206116877
206116906
206116965
206116976
206117078
206117121
206117207
206117244
206117347
206117376
206117409
206117564
206117625
206117658
206117811
206117913
206117979
206118004
206118021
206118056
206118090
206118135
206118155
206118245
206118263
206118427
206118464
206118499
206118522
206118525
206118565
206118600
206118667
206118769
206118787
206118982
206119018
206119025
206119026
206119095
206119141
206119238
206119245
206119278
206119284
206119290
206119371
206119412
206119476
206119553
206119682
206119742
206119800
206119910
206119983
206120033
206120049
206120069
206120199
206120254
206120256
206120393
206120437
206120467
206120536
206120639
206120708
206120726
206120776
206120820
206120836
206120948
206120995
206121089
206121131
206121146
206121174
206121277
206121301
206121306
206121354
206121393
206121469
206121481
206121545
206121620
206121623
206121650
206121656
206121696
206121748
206121877
206121973
206122001
206122024
206122028
206122091
206122145
206122211
206122253
206122257
206122264
206122373
206122412
206122472
206122604
206122640
206122659
206122746
206122779
206122789
206122892
206122917
206122989
206123050
206123112
206123182
206123250
206123260
206123368
206123404
206123431
206123474
206123510
206123599
206123620
206123736
206123758
206123791
206123813
206123863
206123865
206123907
206123997
206124015
206124123
206124133
206124153
206124173
206124194
206124200
206124236
206124395
206124437
206124439
206124667
206124691
206124704
206124751
206124763
206124802
206124862
206124863
206124865
206125095
206125125
206125167
206125172
206125205
206125325
206125361
206125368
206125558
206125595
206125675
206125746
206125757
206125963
206126057
206126138
206126202
206126221
206126232
206126240
206126361
206126431
206126435
206126479
206126499
206126511
206126653
206126667
206126671
206126685
206126692
206126778
206126863
206126907
206126955
206127050
206127071
206127163
206127180
206127455
206127483
206127605
206127642
206127753
206127782
206127807
206127832
206127958
206128009
206128014
206128062
206128228
206128404
206128410
206128420
206128427
206128435
206128449
206128467
206128500
206128523
206128596
206128602
206128646
206128696
206128714
206128734
206128764
206128774
206128808
206128836
206128954
206129059
206129061
206129505
206129521
206129788
206129793
206129834
206129918
206129955
206129966
206129995
206130118
206130195
206130242
206130252
206130383
206130420
206130601
206130635
206130710
206130712
206130732
206130780
206130800
206130924
206130966
206130997
206131060
206131091
206131093
206131128
206131149
206131182
206131208
206131225
206131233
206131255
206131301
206131310
206131322
206131355
206131585
206131678
206131695
206131782
206131832
206131837
206131867
206131948
206131981
206132013
206132194
206132246
206132308
206132311
206132430
206132433
206132447
206132490
206132563
206132582
206132610
206132629
206132632
206132642
206132705
206132710
206132739
206132743
206132828
206132857
206133114
206133225
206133310
206133362
206133377
206133515
206133520
206133588
206133595
206133624
206133632
206133947
206133963
206134045
206134235
206134292
206134463
206134468
206134512
206134581
206134598
206134600
206134655
206134716
206134759
206134785
206134919
206134946
206134973
206135032
206135061
206135083
206135130
206135222
206135257
206135314
206135325
206135331
206135364
206135369
206135380
206135464
206135491
206135514
206135562
206135565
206135680
206135762
206135900
206135911
206135912
206136035
206136068
206136118
206136284
206136306
206136325
206136502
206136576
206136726
206136743
206136761
206136972
206137051
206137170
206137237
206137304
206137357
206137391
206137450
206137495
206137516
206137517
206137557
206137612
206137703
206137710
206137751
206137912
206137990
206138037
206138078
206138101
206138182
206138239
206138251
206138477
206138511
206138532
206138645
206138755
206138840
206138885
206138926
206138945
206138952
206138957
206139060
206139084
206139113
206139138
206139168
206139181
206139184
206139304
206139326
206139372
206139440
206139449
206139461
206139486
206139567
206139628
206139688
206139820
206139936
206140016
206140019
206140020
206140076
206140340
206140356
206140369
206140378
206140388
206140390
206140542
206140651
206140727
206140785
206140786
206140815
206140861
206141018
206141039
206141114
206141233
206141338
206141373
206141376
206141399
206141562
206141619
206141622
206141686
206141778
206141848
206141854
206141871
206141924
206141927
206141983
206141987
206141996
206142014
206142097
206142165
206142210
206142255
206142312
206142372
206142384
206142390
206142443
206142513
206142534
206142625
206142710
206142737
206142770
206142774
206142782
206142832
206142913
206142919
206142935
206142981
206143011
206143032
206143170
206143188
206143256
206143258
206143304
206143311
206143338
206143340
206143417
206143448
206143491
206143545
206143583
206143646
206143659
206143697
206143702
206143798
206143808
206143834
206143848
206143877
206144018
206144036
206144083
206144129
206144139
206144246
206144283
206144324
206144392
206144401
206144462
206144467
206144562
206144595
206144661
206144674
206144774
206144778
206144878
206144886
206144981
206145156
206145200
206145206
206145224
206145229
206145302
206145411
206145458
206145475
206145537
206145570
206145580
206145637
206145652
206145666
206145681
206145704
206145709
206145712
206145755
206145793
206145950
206145983
206146041
206146049
206146103
206146161
206146428
206146431
206146477
206146628
206146742
206146871
206146925
206146957
206146976
206147050
206147059
206147069
206147129
206147261
206147387
206147395
206147407
206147411
206147437
206147530
206147550
206147616
206147627
206147650
206147668
206147721
206147727
206147749
206147800
206147832
206147876
206148006
206148013
206148040
206148050
206148199
206148232
206148259
206148288
206148291
206148316
206148560
206148576
206148578
206148787
206148888
206148891
206148915
206149077
206149089
206149103
206149204
206149223
206149238
206149242
206149249
206149334
206149413
206149522
206149565
206149599
206149651
206149762
206149857
206149878
206149951
206150103
206150108
206150180
206150218
206150235
206150240
206150303
206150311
206150405
206150440
206150453
206150466
206150503
206150505
206150534
206150552
206150563
206150648
206150653
206150656
206150850
206150881
206150968
206151027
206151040
206151047
206151066
206151082
206151090
206151107
206151114
206151193
206151344
206151353
206151367
206151469
206151538
206151594
206151608
206151661
206151672
206151738
206151805
206151838
206151847
206151851
206151863
206151958
206151972
206152000
206152030
206152090
206152190
206152220
206152399
206152412
206152419
206152427
206152463
206152545
206152569
206152573
206152590
206152602
206152639
206152654
206152657
206152690
206152712
206152731
206152755
206152863
206152957
206153008
206153069
206153118
206153144
206153203
206153219
206153222
206153585
206153628
206153661
206153684
206153710
206153719
206153756
206153840
206153859
206153911
206153975
206154062
206154174
206154192
206154200
206154227
206154244
206154248
206154343
206154354
206154409
206154471
206154472
206154531
206154538
206154544
206154564
206154590
206154627
206154716
206154755
206154875
206154891
206154999
206155058
206155082
206155088
206155107
206155109
206155123
206155233
206155260
206155274
206155363
206155459
206155481
206155541
206155547
206155723
206155737
206155820
206155869
206155910
206155914
206155929
206156009
206156024
206156147
206156370
206156468
206156543
206156716
206156731
206156808
206156841
206156846
206156917
206156992
206156994
206157009
206157014
206157033
206157115
206157207
206157281
206157329
206157426
206157475
206157503
206157766
206157843
206157851
206157917
206157997
206158165
206158221
206158245
206158407
206158502
206158504
206158574
206158582
206158714
206158721
206158723
206158769
206158802
206158820
206158952
206158959
206158977
206159032
206159051
206159062
206159174
206159201
206159246
206159288
206159484
206159496
206159502
206159644
206159891
206159901
206159918
206159960
206159978
206160020
206160026
206160049
206160068
206160229
206160333
206160352
206160500
206160501
206160503
206160506
206160507
206160534
206160660
206160679
206160680
206160710
206160726
206160735
206160939
206161063
206161101
206161197
206161227
206161315
206161390
206161575
206161603
206161657
206161817
206161861
206161882
206161995
206162077
206162081
206162108
206162135
206162144
206162348
206162375
206162381
206162410
206162441
206162493
206162620
206162626
206162682
206162683
206162713
206162762
206162847
206163009
206163030
206163064
206163133
206163148
206163170
206163196
206163238
206163430
206163464
206163520
206163537
206163564
206163591
206163603
206163653
206163665
206163691
206163764
206163809
206163815
206163832
206163899
206163943
206164121
206164315
206164339
206164360
206164364
206164401
206164463
206164487
206164498
206164682
206164694
206165048
206165269
206165293
206165313
206165536
206165546
206165605
206165689
206165767
206165791
206165818
206166013
206166096
206166147
206166159
206166210
206166240
206166290
206166295
206166322
206166342
206166374
206166419
206166487
206166512
206166553
206166644
206166771
206166773
206166800
206166890
206166934
206167112
206167117
206167197
206167211
206167265
206167442
206167559
206167590
206167630
206167661
206167736
206167782
206167787
206167822
206167834
206167835
206167860
206167894
206167895
206168035
206168146
206168158
206168159
206168174
206168205
206168362
206168366
206168404
206168429
206168521
206168658
206168799
206168800
206168814
206168930
206168988
206168993
206169164
206169250
206169253
206169362
206169421
206169444
206169465
206169494
206169498
206169567
206169625
206169660
206169790
206169803
206169841
206169859
206169882
206169916
206169950
206169972
206169988
206170006
206170132
206170327
206170351
206170428
206170482
206170509
206170609
206170621
206170644
206170753
206170757
206170814
206170881
206170966
206171014
206171139
206171148
206171205
206171352
206171393
206171427
206171482
206171519
206171563
206171623
206171661
206171755
206171850
206171987
206172056
206172154
206172198
206172286
206172303
206172326
206172376
206172381
206172532
206172561
206172615
206172695
206172696
206172701
206172715
206172794
206172929
206173120
206173180
206173196
206173201
206173212
206173288
206173330
206173464
206173535
206173563
206173582
206173613
206173695
206173734
206173742
206173781
206173795
206173802
206173819
206173821
206174216
206174301
206174362
206174363
206174388
206174460
206174475
206174521
206174590
206174622
206174745
206174786
206175045
206175075
206175337
206175398
206175449
206175457
206175466
206175575
206175586
206175663
206175672
206175674
206175743
206175747
206175821
206175873
206175948
206176088
206176117
206176148
206176188
206176249
206176261
206176428
206176441
206176520
206176553
206176592
206176649
206176694
206176702
206176767
206176957
206177069
206177144
206177354
206177364
206177413
206177437
206177509
206177516
206177519
206177633
206177709
206177797
206177862
206177943
206177986
206178001
206178066
206178293
206178346
206178402
206178413
206178418
206178427
206178565
206178590
206178640
206178682
206178887
206178985
206178996
206179196
206179208
206179212
206179276
206179432
206179462
206179598
206179638
206179657
206179671
206179692
206179838
206180048
206180054
206180082
206180122
206180180
206180201
206180234
206180266
206180334
206180385
206180449
206180492
206180541
206180577
206180634
206180740
206180804
206180813
206180819
206180842
206180876
206180884
206180985
206181048
206181165
206181219
206181373
206181401
206181489
206181730
206181791
206181800
206181979
206182037
206182065
206182080
206182157
206182158
206182272
206182276
206182342
206182359
206182392
206182426
206182445
206182488
206182513
206182518
206182672
206182682
206182710
206182728
206182734
206182770
206182827
206182832
206182851
206182862
206182877
206182927
206182972
206182990
206183149
206183153
206183230
206183289
206183340
206183442
206183448
206183565
206183590
206183599
206183729
206183918
206184024
206184171
206184198
206184259
206184270
206184436
206184512
206184577
206184586
206184630
206184719
206184725
206184743
206184811
206184872
206185051
206185138
206185214
206185225
206185253
206185256
206185326
206185430
206185435
206185531
206185544
206185616
206185758
206185854
206185909
206185988
206186007
206186072
206186141
206186154
206186190
206186251
206186330
206186399
206186407
206186476
206186521
206186542
206186604
206186701
206186756
206186819
206186831
206186929
206186958
206187003
206187027
206187029
206187035
206187296
206187361
206187575
206187600
206187611
206187618
206187676
206187883
206187897
206187923
206187971
206187972
206188026
206188064
206188215
206188223
206188296
206188298
206188320
206188368
206188412
206188555
206188873
206188934
206188948
206188974
206188985
206189170
206189174
206189200
206189225
206189245
206189273
206189362
206189390
206189399
206189461
206189649
206189690
206189785
206189853
206189931
206189940
206190006
206190025
206190111
206190154
206190220
206190246
206190339
206190410
206190496
206190519
206190527
206190674
206190823
206190908
206190939
206191057
206191060
206191154
206191224
206191235
206191372
206191444
206191471
206191531
206191549
206191727
206191784
206191815
206191817
206191836
206191911
206191995
206192001
206192124
206192165
206192203
206192267
206192620
206192694
206192725
206192743
206192756
206192813
206192826
206193044
206193136
206193167
206193282
206193286
206193447
206193476
206193512
206193525
206193872
206193873
206193902
206194013
206194188
206194236
206194294
206194296
206194314
206194326
206194340
206194384
206194420
206194460
206194475
206194525
206194689
206194945
206195010
206195048
206195191
206195300
206195305
206195332
206195350
206195460
206195500
206195559
206195568
206195829
206195831
206196127
206196135
206196187
206196214
206196216
206196259
206196315
206196377
206196581
206196672
206196925
206196938
206197069
206197119
206197360
206197364
206197413
206197487
206197546
206197572
206197620
206197677
206197715
206197831
206197955
206198066
206198165
206198311
206198334
206198341
206198398
206198444
206198528
206198582
206198594
206198615
206198700
206198746
206198840
206198856
206198899
206198949
206198957
206198986
206199016
206199182
206199203
206199206
206199238
206199258
206199340
206199407
206199419
206199439
206199474
206199759
206199829
206199880
206199882
206199982
206200024
206200027
206200048
206200121
206200389
206200582
206200725
206200738
206200760
206200771
206200805
206200946
206200969
206201061
206201077
206201145
206201246
206201322
206201587
206201608
206201610
206201623
206201776
206201818
206202004
206202027
206202039
206202171
206202309
206202545
206202554
206202584
206202651
206202684
206202774
206202777
206202942
206203033
206203245
206203371
206203381
206203421
206203650
206203787
206203792
206203883
206203886
206203954
206204038
206204169
206204524
206204572
206204578
206204590
206204696
206204771
206205018
206205090
206205163
206205185
206205331
206205425
206205491
206205559
206205588
206205692
206205710
206205723
206205750
206205935
206205937
206206077
206206111
206206159
206206164
206206298
206206305
206206405
206206407
206206667
206206698
206206704
206206750
206206767
206206769
206206806
206206837
206206858
206206863
206207024
206207172
206207342
206207381
206207605
206207623
206207673
206207762
206207838
206207846
206207914
206207940
206207965
206208055
206208146
206208307
206208318
206208542
206208597
206208675
206208760
206208777
206208881
206208946
206209122
206209135
206209138
206209314
206209410
206209519
206209610
206209748
206209806
206209858
206209914
206209916
206209961
206210063
206210101
206210256
206210417
206210647
206210696
206210768
206210869
206210933
206211069
206211633
206211639
206211732
206211737
206211763
206211820
206211827
206211857
206211949
206211962
206212024
206212096
206212112
206212160
206212279
206212324
206212420
206212429
206212433
206212524
206212611
206212644
206212679
206212810
206212924
206212944
206213082
206213179
206213286
206213407
206213465
206213645
206213712
206213879
206214007
206214134
206214217
206214321
206214440
206214539
206214660
206214835
206214851
206215073
206215075
206215181
206215218
206215259
206215297
206215405
206215571
206215676
206215704
206215749
206215819
206215853
206216038
206216283
206216298
206216532
206216547
206216600
206216893
206216938
206216971
206217008
206217057
206217117
206217128
206217293
206217307
206217547
206217689
206217710
206217773
206217807
206218023
206218229
206218282
206218292
206218396
206218460
206218507
206218578
206218619
206218647
206218756
206218967
206218976
206218997
206219071
206219161
206219255
206219266
206219402
206219457
206219611
206219707
206219808
206219930
206219949
206219965
206219974
206220075
206220202
206220604
206220686
206220804
206220826
206220879
206220889
206220935
206220953
206220967
206221181
206221243
206221393
206221494
206221530
206221543
206221557
206221568
206221666
206221832
206221849
206221914
206221923
206221929
206222015
206222045
206222171
206222226
206222437
206222550
206222584
206222597
206222628
206222635
206222789
206222793
206222812
206223000
206223048
206223075
206223108
206223119
206223187
206223220
206223251
206223262
206223294
206223315
206223471
206223502
206223511
206223531
206223621
206223680
206223735
206223740
206223769
206223915
206223993
206224059
206224064
206224069
206224070
206224117
206224236
206224252
206224267
206224280
206224350
206224351
206224354
206224544
206224616
206224666
206224723
206224769
206224828
206225030
206225085
206225131
206225132
206225148
206225297
206225478
206225797
206225813
206225886
206225974
206226196
206226207
206226228
206226303
206226578
206226628
206226703
206226749
206226863
206227028
206227040
206227232
206227261
206227691
206227713
206227732
206227807
206227851
206227856
206227969
206227970
206227988
206228094
206228115
206228317
206228380
206228475
206228650
206228753
206228840
206228881
206228897
206228970
206228994
206229074
206229156
206229206
206229232
206229323
206229592
206229841
206229897
206229964
206229976
206230397
206230574
206230664
206230737
206230774
206230901
206230907
206230937
206231066
206231139
206231195
206231229
206231478
206231488
206231547
206231599
206231615
206231694
206231867
206232256
206232320
206232509
206232512
206232558
206232575
206232694
206232743
206232745
206232769
206232803
206232833
206233183
206233187
206233297
206233343
206233398
206233419
206233425
206233466
206233472
206233544
206233615
206233629
206233738
206233780
206233887
206233918
206233979
206234070
206234090
206234240
206234258
206234359
206234386
206234500
206234641
206234710
206235048
206235208
206235278
206235428
206235451
206235774
206235813
206235882
206235919
206235989
206236054
206236099
206236189
206236192
206236226
206236358
206236534
206236647
206236680
206236708
206236779
206236908
206237017
206237129
206237146
206237194
206237309
206237631
206237698
206237774
206237782
206237802
206237813
206237975
206238035
206238143
206238156
206238162
206238224
206238231
206238262
206238288
206238317
206238354
206238422
206238453
206238583
206238659
206238695
206238711
206238746
206238956
206238967
206239066
206239071
206239401
206239417
206239453
206239455
206239599
206239642
206239697
206239758
206239805
206239932
206240062
206240177
206240235
206240239
206240332
206240343
206240592
206240603
206240637
206240876
206240952
206240954
206241054
206241111
206241187
206241220
206241261
206241295
206241418
206241448
206241576
206241733
206241740
206241750
206241811
206242072
206242145
206242256
206242271
206242300
206242302
206242362
206242684
206242757
206242880
206242951
206243013
206243220
206243389
206243456
206243476
206243625
206243777
206243811
206243977
206244011
206244023
206244044
206244128
206244362
206244527
206244603
206244647
206245014
206245045
206245055
206245083
206245198
206245248
206245347
206245375
206245404
206245449
206245470
206245474
206245540
206245547
206245567
206245576
206245587
206245609
206245634
206245905
206246538
206246541
206246656
206246793
206246816
206246887
206247057
206247151
206247153
206247167
206247466
206247477
206247721
206247759
206247762
206247833
206247883
206247926
206248116
206248178
206248259
206248301
206248350
206248385
206248442
206248465
206248604
206248817
206248871
206248952
206248994
206249002
206249108
206249125
206249145
206249156
206249176
206249190
206249206
206249282
206249284
206249364
206249404
206249540
206249560
206249587
206249743
206249807
206249819
206250009
206250158
206250163
206250252
206250350
206250406
206250444
206250506
206250601
206250646
206250889
206250956
206250974
206250975
206251357
206251485
206251566
206251750
206251789
206251827
206251869
206251887
206251971
206252029
206252049
206252066
206252093
206252099
206252133
206252196
206252354
206252457
206252467
206252521
206252609
206252612
206252834
206252860
206252896
206252988
206253297
206253310
206253355
206253369
206253440
206253459
206253571
206253599
206253602
206253692
206253845
206253919
206253936
206253948
206253991
206254229
206254392
206254395
206254405
206254444
206254696
206254801
206254840
206254854
206254867
206254868
206255192
206255363
206255394
206255464
206255487
206255850
206255910
206256057
206256195
206256352
206256648
206256836
206256843
206256867
206256982
206257021
206257078
206257164
206257165
206257199
206257295
206257402
206257489
206257711
206257713
206258191
206258338
206258427
206258560
206258573
206258602
206258669
206258711
206258791
206258895
206259009
206259200
206259232
206259417
206259828
206259927
206259972
206260088
206260129
206260375
206260446
206260484
206260582
206260644
206260668
206260683
206260779
206260827
206261176
206261296
206261305
206261621
206261770
206261810
206262233
206262244
206262399
206262407
206262465
206262694
206262726
206262775
206262790
206262795
206262805
206262820
206263049
206263108
206263543
206263544
206263656
206263709
206263747
206263866
206263943
206264064
206264138
206264231
206264291
206264383
206264619
206264791
206264845
206264963
206265026
206265374
206265441
206266005
206266029
206266051
206266161
206266181
206266184
206266298
206266409
206266550
206266608
206266707
206266731
206266736
206266789
206266822
206266824
206266841
206266863
206266912
206266953
206266961
206266994
206267013
206267063
206267136
206267315
206267365
206267388
206267436
206267579
206267599
206267870
206268010
206268013
206268030
206268035
206268053
206268084
206268393
206268626
206268754
206268791
206268825
206268826
206268857
206269020
206269154
206269235
206269245
206269339
206269344
206269415
206269422
206269706
206269759
206269779
206269888
206270300
206270336
206270503
206270613
206270648
206270755
206271027
206271211
206271341
206271388
206271555
206271948
206271965
206272348
206272542
206272725
206272829
206272924
206272937
206272980
206273135
206273277
206273400
206273539
206273794
206273810
206273959
206274017
206274102
206274161
206274358
206274416
206274553
206274660
206274726
206274835
206274974
206275085
206275097
206275583
206275644
206275798
206275952
206276114
206276160
206276255
206276276
206276285
206276286
206276305
206276362
206276407
206276489
206276557
206276634
206276816
206276913
206277073
206277303
206277455
206277457
206277585
206277831
206278136
206278163
206278384
206278849
206278872
206279141
206279152
206279274
206279742
206279852
206279855
206279974
206280041
206280105
206280151
206280161
206280250
206280502
206280578
206280602
206280621
206280881
206280889
206280944
206281254
206281460
206281494
206281633
206281978
206282036
206282324
206282556
206282588
206282627
206282642
206282651
206282801
206282939
206283220
206283432
206283474
206283507
206283558
206283610
206283612
206283732
206283822
206283977
206284028
206284070
206284230
206284259
206284464
206284791
206284792
206284795
206284852
206284881
206284940
206285020
206285153
206285408
206285567
206285734
206285908
206286045
206286113
206286192
206286387
206286422
206286715
206287026
206287181
206287304
206287342
206287429
206287528
206287594
206287721
206288092
206288313
206288336
206288400
206288429
206288461
206288596
206288707
206288986
206288995
206289079
206289212
206289363
206289494
206289726
206289767
206289919
206290059
206290207
206290309
206290433
206290760
206290936
206291013
206291038
206291108
206291374
206291476
206291531
206291548
206291550
206291624
206291714
206291747
206291924
206292001
206292030
206292037
206292233
206292390
206292456
206292582
206292745
206292887
206292951
206292975
206293146
206293177
206293494
206293703
206293717
206293932
206293967
206294012
206294041
206294051
206294865
206294954
206294967
206295149
206295210
206295270
206295309
206295351
206296182
206296189
206296292
206296402
206296429
206296509
206296588
206296665
206296675
206296924
206297141
206297313
206297368
206297397
206297641
206297684
206297821
206297834
206297991
206298003
206298165
206298176
206298355
206298412
206298607
206298612
206298964
206299084
206299138
206299272
206299621
206299650
206299870
206299929
206300051
206300063
206300241
206300285
206300546
206300557
206300612
206300811
206300942
206301050
206301127
206301216
206301295
206301729
206301801
206302006
206302160
206302324
206302346
206302412
206302487
206302496
206302589
206302744
206302767
206302908
206303012
206303153
206303334
206303366
206303446
206303567
206303947
206304512
206304666
206304673
206304711
206304726
206304999
206305012
206305093
206305107
206305206
206305360
206305465
206305586
206305640
206305683
206305797
206305822
206305916
206305931
206306011
206306036
206306176
206306301
206306395
206306418
206306563
206306662
206306681
206306740
206306844
206307084
206307283
206307288
206307560
206307654
206307709
206307950
206308027
206308034
206308051
206308128
206308169
206308309
206308317
206308591
206308617
206308666
206308751
206308753
206308755
206308866
206308889
206308997
206308999
206309001
206309754
206309882
206310320
206310647
206310712
206310813
206311070
206311114
206311391
206311398
206311428
206311625
206311675
206311717
206311764
206311855
206311864
206311870
206311998
206312012
206312020
206312152
206312238
206312340
206312462
206312763
206313277
206313344
206313536
206313735
206313832
206314014
206314035
206314036
206314077
206314166
206314606
206314639
206314688
206314760
206314790
206315041
206315153
206315178
206315207
206315241
206315257
206315409
206315574
206315656
206315676
206315983
206316353
206316725
206318071
206318144
206318379
206318421
206318433
206318489
206318724
206319008
206319406
206319414
206319651
206319659
206319777
206320039
206320171
206320258
206320417
206320651
206321074
206321186
206321288
206321500
206321628
206321810
206321891
206322098
206322179
206322237
206322544
206322560
206322600
206322783
206322802
206322941
206323014
206323269
206323406
206323460
206323475
206323567
206324005
206324258
206324312
206324339
206324702
206324930
206324987
206325001
206325006
206325146
206325294
206325330
206325380
206325456
206325539
206325611
206325661
206325670
206325760
206325791
206325971
206326142
206326227
206326318
206326789
206326913
206326982
206326986
206327174
206327314
206327356
206327398
206327418
206327443
206327547
206327565
206327577
206327740
206327851
206327862
206328132
206328268
206328287
206328358
206328741
206328930
206328985
206329407
206329505
206329705
206329879
206329887
206329937
206330088
206330234
206330279
206330583
206330627
206330638
206330650
206330713
206330762
206330764
206331127
206331281
206331756
206332228
206332265
206332758
206332895
206333201
206333246
206333333
206333359
206333888
206333953
206334202
206334480
206334529
206334839
206334906
206334946
206334960
206334964
206335058
206335190
206335235
206335265
206335405
206335422
206335530
206335611
206335674
206335965
206336390
206336441
206336555
206336565
206336851
206336860
206336862
206337215
206337294
206337501
206337752
206337772
206337829
206337869
206337957
206338043
206338051
206338117
206338217
206338271
206338440
206338481
206338526
206338637
206338810
206339184
206339356
206339517
206339618
206339691
206339873
206339900
206340061
206340084
206340229
206340353
206340363
206340391
206340569
206340687
206340742
206340815
206340866
206340980
206341089
206341138
206341209
206341282
206341309
206341315
206341468
206341517
206341768
206341843
206341974
206342222
206342232
206342283
206342403
206342423
206342453
206342894
206342949
206342983
206343084
206343129
206343207
206343236
206343411
206343438
206343623
206343670
206343701
206343714
206343833
206343979
206344014
206344313
206344429
206344625
206344930
206345306
206345488
206345490
206345558
206345606
206345625
206345658
206346033
206346083
206346187
206346205
206346440
206346508
206346525
206346558
206346600
206346606
206346728
206346916
206346936
206347044
206347221
206347226
206347328
206347360
206347392
206347393
206347394
206347597
206347628
206347697
206347710
206347720
206347727
206347810
206347894
206348056
206348112
206348113
206348174
206348806
206348903
206348972
206349021
206349129
206349149
206349180
206349235
206349274
206349335
206349339
206349345
206349431
206349455
206349631
206349643
206349688
206349816
206349823
206349955
206350077
206350230
206350506
206350625
206350667
206350764
206350784
206350853
206350897
206350926
206351007
206351021
206351056
206351132
206351154
206351200
206351455
206351779
206351833
206352052
206352195
206352232
206352363
206352381
206352479
206352504
206352526
206352685
206352850
206352967
206353153
206353282
206353358
206353473
206353792
206353919
206353951
206354066
206354079
206354089
206354096
206354136
206354198
206354390
206354399
206354493
206354597
206354623
206354776
206354836
206354991
206355280
206355395
206355448
206355466
206355610
206355821
206355864
206355925
206355931
206355996
206356112
206356121
206356189
206356368
206356422
206356671
206356850
206356950
206357066
206357108
206357240
206357360
206357549
206357578
206357630
206357640
206357778
206357787
206357857
206357898
206357916
206358083
206358376
206358491
206358556
206358629
206358703
206358734
206358877
206358915
206359020
206359136
206359174
206359447
206359559
206359636
206359644
206359661
206359704
206359890
206360162
206360649
206360823
206361058
206361239
206361461
206361474
206361727
206361748
206361873
206361888
206361919
206361994
206362375
206362597
206362654
206362793
206362869
206363832
206363855
206364070
206364075
206364205
206364301
206364385
206364497
206364537
206364541
206364593
206364741
206364938
206365079
206365264
206365477
206365499
206365574
206365675
206365742
206365835
206366067
206366117
206366148
206366196
206366231
206366328
206366490
206366545
206366614
206366741
206366952
206367023
206367061
206367139
206367317
206367574
206367588
206367613
206367653
206367820
206367839
206367995
206368136
206368165
206368174
206368225
206368539
206368579
206368680
206368695
206368926
206368965
206369434
206369470
206369719
206369746
206369907
206369941
206369962
206369988
206370193
206370841
206370870
206370924
206370943
206370991
206371012
206371158
206371290
206371311
206371423
206371473
206371648
206371744
206371837
206371868
206372044
206372709
206372998
206373024
206373144
206373201
206373225
206373384
206373423
206373473
206373777
206373999
206374047
206374221
206374395
206374685
206374874
206375014
206375071
206375093
206375120
206375262
206375275
206375315
206375555
206375678
206375698
206375796
206375929
206376197
206376240
206376366
206376541
206376558
206376563
206377204
206377250
206377322
206377419
206377690
206377783
206377911
206377984
206378035
206378214
206378223
206378278
206378412
206378791
206379076
206379258
206379391
206379573
206379607
206379802
206380047
206380070
206380072
206380088
206380190
206380497
206380609
206380620
206380706
206380791
206381298
206381379
206381460
206381488
206381683
206381687
206381703
206381857
206381896
206381920
206381935
206381986
206382117
206382297
206382420
206382439
206382463
206382503
206382578
206382705
206383130
206383263
206383584
206383919
206383967
206384063
206384114
206384180
206384381
206384472
206384737
206384741
206384790
206384935
206384976
206385227
206385274
206385485
206385506
206385841
206385900
206385912
206385935
206385965
206386205
206386253
206386409
206386561
206386821
206387192
206387377
206387516
206387650
206387730
206388176
206388285
206388299
206388348
206388364
206388408
206388714
206388758
206389004
206389808
206389876
206389931
206390024
206390106
206390161
206390205
206390470
206390647
206390662
206390773
206390781
206390972
206391224
206391258
206391501
206391503
206391511
206391685
206391693
206391803
206391846
206391863
206392022
206392163
206392183
206392211
206392354
206392420
206392610
206392953
206393145
206393444
206393665
206393782
206393987
206394162
206394347
206394403
206394524
206395040
206395058
206395176
206395279
206395280
206395406
206395631
206395718
206395739
206395744
206395753
206395908
206396049
206396105
206396178
206396184
206396507
206396618
206396652
206397253
206397319
206397420
206397462
206397488
206397755
206398288
206398432
206398443
206398709
206399152
206399208
206399225
206399235
206399264
206399268
206399423
206399593
206399748
206399872
206399973
206399979
206400184
206400223
206400431
206400586
206400632
206400807
206400856
206401090
206401189
206401298
206401394
206401489
206401702
206401821
206402081
206402119
206402193
206402392
206402676
206402749
206402831
206403162
206403207
206403254
206403588
206403634
206403761
206403898
206403979
206404239
206404290
206404348
206404638
206404701
206404716
206404787
206404788
206404790
206404913
206405005
206405166
206405208
206405359
206405641
206405648
206405661
206406037
206406123
206406129
206406247
206406249
206406290
206406292
206406521
206406659
206406824
206406990
206407085
206407228
206407376
206407380
206407510
206407674
206407746
206407794
206407912
206407917
206407924
206407941
206408530
206408586
206408770
206409156
206409161
206409205
206409251
206409302
206409369
206409509
206409656
206409744
206409759
206409844
206409991
206410173
206410215
206410247
206410536
206410753
206410831
206410845
206410902
206411005
206411038
206411085
206411233
206411287
206411312
206411364
206411490
206411659
206411765
206411891
206412084
206412204
206412322
206412360
206412394
206412661
206412919
206413082
206413104
206413192
206413241
206413271
206413347
206413425
206413791
206413811
206414026
206414047
206414361
206414416
206414488
206414493
206414782
206414890
206415008
206415167
206415471
206415501
206415601
206415643
206415787
206415924
206416005
206416274
206416392
206416424
206416521
206416544
206417197
206417415
206417416
206417459
206417473
206417496
206417593
206417748
206417921
206417966
206418098
206418251
206418271
206418357
206418438
206418448
206418461
206418561
206418802
206419136
206419417
206419430
206419432
206419480
206419552
206419666
206419718
206419778
206420001
206420120
206420211
206420223
206420485
206420688
206420726
206420794
206421047
206421330
206421436
206421519
206421600
206421619
206421628
206421674
206421904
206421949
206422027
206422107
206422172
206422248
206422387
206422864
206422889
206422976
206423015
206423236
206423358
206423388
206423420
206423478
206423505
206423508
206423526
206423770
206423922
206424033
206424101
206424158
206424214
206424306
206424440
206424481
206424684
206424780
206424855
206424887
206425092
206425237
206425437
206425454
206425574
206425608
206425980
206426055
206426057
206426067
206426093
206426355
206426376
206426494
206426504
206426515
206426634
206426827
206427151
206427217
206427237
206427353
206427390
206427611
206427615
206427690
206427944
206427999
206428147
206428239
206428510
206428539
206428544
206428560
206428680
206428700
206428828
206428999
206429002
206429071
206429122
206429255
206429485
206429616
206429722
206429750
206429837
206429958
206430087
206430322
206430334
206430763
206430854
206430972
206431227
206431298
206431314
206431378
206431485
206431611
206431660
206431770
206431846
206431866
206432007
206432090
206432256
206432278
206432495
206432659
206432742
206432839
206432877
206433276
206433571
206433649
206433696
206433788
206433802
206433828
206433839
206433939
206433987
206434081
206434276
206434342
206434399
206434400
206434462
206434584
206434608
206434713
206434770
206434857
206434963
206435249
206435266
206435360
206435374
206435511
206435645
206435685
206435739
206435783
206436454
206436663
206436702
206436777
206436889
206436892
206436982
206436985
206437103
206437155
206437226
206437244
206437282
206437296
206437476
206437557
206437565
206437651
206437680
206437758
206437807
206437978
206438004
206438246
206438484
206438514
206438780
206439098
206439155
206439424
206439467
206439580
206439615
206439616
206439899
206440206
206440336
206440443
206440502
206440540
206440587
206440758
206440836
206441053
206441076
206441178
206441260
206441480
206441599
206441645
206441669
206441926
206441965
206441998
206442042
206442345
206442365
206442484
206442546
206442756
206442772
206442806
206442815
206442969
206443222
206443259
206443338
206443479
206443677
206443679
206443694
206443772
206443830
206443846
206443877
206444031
206444049
206444158
206444230
206444462
206444665
206444703
206444785
206444932
206444944
206445027
206445085
206445142
206445487
206445656
206445720
206445761
206445812
206445852
206446279
206446475
206446699
206446834
206446914
206446930
206446968
206447298
206447386
206447496
206447622
206447626
206447631
206447700
206447783
206447821
206447872
206448030
206448045
206448118
206448159
206448180
206448361
206448380
206448457
206448492
206448528
206448530
206448550
206448572
206448937
206449100
206449143
206449325
206449330
206449553
206449568
206449593
206449703
206449807
206449991
206450031
206450256
206450452
206450508
206450521
206450592
206450630
206450787
206450799
206450857
206450959
206450967
206451240
206451834
206451888
206452063
206452155
206452163
206452179
206452199
206452343
206452358
206452361
206452483
206452574
206452675
206452767
206453232
206453352
206453367
206453456
206453540
206453797
206453849
206454152
206454208
206454330
206454362
206454437
206454993
206455004
206455103
206455216
206455222
206455495
206455562
206455746
206455812
206455984
206456175
206456462
206456628
206456647
206456769
206456779
206457327
206457362
206457615
206457774
206457837
206457934
206457936
206458146
206458391
206458593
206458632
206458663
206458738
206458976
206459002
206459102
206459167
206459343
206459479
206459558
206459780
206459868
206460021
206460244
206460405
206460462
206460591
206460759
206460806
206460823
206460826
206460939
206461007
206461117
206461200
206461232
206461269
206461397
206461416
206461449
206461468
206461725
206461776
206461788
206461830
206461893
206461907
206462073
206462223
206462319
206462368
206462383
206462413
206462436
206462444
206462625
206462859
206463119
206463357
206463402
206463460
206463480
206463539
206463590
206463870
206464119
206464336
206464343
206464426
206464503
206464602
206464663
206464764
206465098
206465121
206465141
206465145
206465503
206465769
206465829
206465925
206465953
206466118
206466176
206466186
206466244
206466343
206466412
206466429
206466472
206466580
206466765
206466825
206466886
206466905
206466910
206466937
206467002
206467035
206467230
206467306
206467336
206467499
206467632
206467725
206467754
206467829
206467867
206467905
206467984
206468053
206468098
206468449
206468506
206468571
206468725
206468775
206468811
206468850
206468874
206468965
206468980
206469034
206469291
206469348
206469391
206469508
206469745
206469813
206470096
206470153
206470214
206470267
206470393
206470420
206470562
206470643
206470790
206470806
206470881
206471294
206471382
206471633
206471681
206471814
206471980
206472168
206472333
206472377
206472452
206472487
206472628
206472656
206472801
206472814
206472820
206472995
206473147
206473193
206473426
206473451
206473544
206473726
206473868
206473876
206473960
206474002
206474003
206474004
206474041
206474186
206474289
206474637
206474784
206474831
206474944
206474996
206475056
206475199
206475309
206475348
206475360
206475667
206475757
206475866
206475981
206475982
206476377
206476413
206476450
206476530
206476597
206476656
206476737
206476744
206476769
206476778
206476978
206477306
206477395
206477538
206477594
206477634
206477696
206477888
206477921
206477944
206477985
206477986
206477993
206478002
206478043
206478152
206478219
206478242
206478296
206478409
206478509
206478674
206478839
206479020
206479068
206479075
206479183
206479244
206479321
206479356
206479389
206479394
206479492
206479626
206479633
206479772
206479862
206480025
206480032
206480117
206480167
206480348
206480533
206480591
206480622
206480638
206480816
206480924
206481032
206481042
206481231
206481256
206481650
206481835
206481844
206481875
206482296
206482515
206482524
206482542
206482545
206482549
206482638
206482797
206483199
206483215
206483220
206483262
206483292
206483787
206483830
206484407
206484607
206484635
206485030
206485269
206485303
206485405
206485564
206485608
206485809
206486006
206486088
206486163
206486174
206486204
206486356
206486500
206486581
206486620
206487143
206487278
206487279
206487482
206487582
206487709
206487728
206488201
206488236
206488713
206488835
206488888
206488923
206488936
206488960
206489072
206489086
206489190
206489199
206489234
206489336
206489458
206489658
206489784
206489810
206489952
206490056
206490426
206490431
206490625
206490731
206490771
206491044
206491077
206491310
206491350
206491828
206491912
206492046
206492144
206492157
206492242
206492254
206492393
206492751
206492825
206492890
206493130
206493234
206493555
206493783
206494102
206494300
206494319
206494331
206494359
206494490
206494506
206494548
206494624
206494671
206494702
206494796
206494869
206495042
206495099
206495119
206495240
206495369
206495511
206495533
206495647
206495717
206495830
206495851
206495971
206496030
206496047
206496116
206496130
206496260
206496337
206496339
206496342
206496349
206496376
206496413
206496452
206496618
206496889
206497072
206497367
206497556
206497645
206497675
206497701
206497705
206497738
206497842
206498043
206498278
206498351
206498471
206498696
206498717
206498752
206498827
206498940
206499078
206499138
206499256
206499463
206499668
206499799
206499956
206500035
206500175
206500297
206500323
206500450
206500488
206500632
206500651
206500804
206500937
206500942
206501240
206501247
206501514
206501605
206501925
206502327
206502582
206502655
206502839
206502853
206503132
206503190
206503292
206503587
206503881
206504136
206504455
206504785
206504898
206504958
206505106
206505242
206505446
206505548
206505755
206505771
206506250
206506358
206506386
206506468
206506538
206506553
206506618
206506887
206507063
206507165
206507309
206507326
206507471
206507808
206508121
206508323
206508337
206508431
206508486
206508753
206508875
206508883
206509088
206509129
206509203
206509256
206509327
206509377
206509846
206509960
206510086
206510414
206510446
206510621
206510634
206510704
206510726
206510818
206511010
206511385
206511608
206512049
206512266
206512453
206512691
206512869
206513092
206513125
206513165
206513432
206513589
206513669
206513882
206513945
206514026
206514063
206514125
206514223
206514576
206514598
206514627
206514756
206515024
206515113
206515128
206515408
206515447
206515637
206515667
206515859
206515954
206516525
206516948
206516950
206517008
206517100
206517277
206517289
206517341
206517435
206517447
206517551
206517594
206517649
206517716
206517729
206517960
206517967
206518080
206518129
206518170
206518433
206518455
206518548
206518559
206518709
206518888
206519054
206519342
206519413
206520030
206520199
206520276
206520537
206520798
206520935
206521223
206521670
206522099
206522378
206522405
206522450
206522542
206522867
206522891
206522907
206523116
206523135
206523171
206523440
206523539
206523990
206524094
206524435
206524792
206524845
206524908
206525507
206525978
206526055
206526377
206526688
206527097
206527116
206527200
206527600
206527898
206527907
206528087
206528398
206528455
206528539
206528774
206529057
206529077
206529097
206529125
206529489
206529665
206530125
206530319
206530392
206530625
206530707
206532108
206532499
206532747
206532888
206533077
206533249
206533549
206533758
206533823
206534218
206534317
206534406
206534408
206534619
206534889
206535594
206535848
206536238
206536279
206536335
206536909
206537083
206537242
206537674
206537878
206538212
206538307
206538362
206538409
206538538
206538751
206538850
206539096
206539360
206539364
206539460
206540311
206540338
206540445
206540447
206540716
206541010
206541614
206541895
206541986
206542106
206542441
206542561
206542616
206542758
206542972
206543018
206543223
206544142
206544621
206544928
206545531
206546238
206547055
206548022
206548179
206548455
206548569
206549536
206549802
206550779
206551192
206552646
206552665
206553626
206553818
206553862
206553865
206555360
206555394
206556198
206556269
206556896
206557027
206564265
206569651
