205892108
205892281
205893214
205893702
205895090
205896106
205896226
205896459
205897280
205897774
205898160
205898527
205899208
205901168
205901259
205901354
205901365
205901417
205901524
205901703
205901944
205901983
205902352
205902410
205902815
205903692
205904260
205905204
205905563
205905604
205906302
205906385
205907051
205907488
205908197
205908263
205908353
205908577
205908691
205908750
205908818
205909085
205909135
205909275
205909417
205910305
205910447
205910644
205910729
205910913
205910971
205910991
205911443
205911734
205911796
205911960
205912176
205912229
205912408
205912731
205912929
205913308
205913366
205913955
205914001
205914012
205914433
205914539
205914589
205914715
205914724
205914769
205915051
205915557
205915608
205916071
205916292
205916453
205916567
205916625
205916760
205916810
205917141
205917319
205917406
205917475
205917847
205917907
205917912
205918431
205918605
205918690
205919074
205919224
205919444
205919993
205919994
205920209
205920374
205920376
205920640
205920793
205920840
205921511
205922054
205922239
205922651
205922684
205923028
205923418
205923537
205923669
205924070
205924154
205924249
205924422
205924423
205924877
205924957
205925016
205925129
205925130
205925404
205925504
205925778
205926077
205926391
205926402
205926585
205926618
205926843
205927117
205927132
205927268
205927407
205927674
205927714
205927780
205928073
205928279
205928320
205928376
205928557
205928882
205928894
205928921
205929020
205929144
205929224
205929359
205929445
205929551
205929562
205929572
205929709
205929903
205929936
205930058
205930168
205930438
205930580
205930631
205930685
205930827
205930903
205931045
205931255
205931348
205931564
205931622
205931660
205931714
205931799
205931805
205931849
205931870
205931960
205931975
205932044
205932062
205932097
205932111
205932844
205932941
205933177
205933242
205933304
205933508
205933516
205933722
205933949
205934139
205934148
205934169
205934270
205934305
205934397
205934435
205934486
205934686
205934805
205934960
205935022
205935085
205935325
205935341
205935544
205935633
205935708
205935783
205936012
205936182
205936318
205936544
205936686
205936714
205936731
205936764
205936867
205936967
205937021
205937098
205937146
205937523
205937604
205937799
205937851
205938119
205938174
205938404
205938474
205938504
205938631
205938708
205938940
205938957
205938997
205939162
205939221
205939297
205939346
205939498
205939698
205939705
205939803
205939921
205939977
205940072
205940187
205940237
205940323
205940512
205940750
205940760
205940923
205941056
205941115
205941157
205941250
205941270
205941372
205941432
205941596
205941600
205941631
205941799
205941804
205942107
205942408
205942440
205942552
205942564
205943030
205943213
205943233
205943345
205943696
205943711
205944272
205944548
205944626
205945076
205945123
205945130
205945514
205945695
205945870
205945914
205945933
205946116
205946456
205946529
205946737
205946758
205946785
205947067
205947161
205947384
205947522
205947539
205947948
205948257
205948343
205948475
205948478
205948574
205948635
205948809
205948912
205948934
205949027
205949028
205949322
205949402
205949643
205949783
205949849
205950104
205950308
205950374
205950384
205950976
205951029
205951113
205951125
205951306
205951628
205951778
205951993
205952023
205952295
205952383
205952424
205952497
205952590
205952655
205952790
205952803
205952809
205952839
205952853
205952874
205953049
205953136
205953220
205953222
205953253
205953481
205953578
205953598
205953789
205954140
205954201
205954213
205954223
205954257
205954359
205954593
205954647
205955036
205955085
205955092
205955425
205955510
205955592
205955601
205955946
205956034
205956130
205956381
205956699
205956919
205957052
205957286
205957328
205957504
205957552
205957591
205957840
205957910
205958335
205958385
205958529
205959132
205959195
205959204
205959295
205959371
205959580
205959632
205959755
205960052
205960097
205960219
205960229
205960685
205960774
205960841
205960845
205960862
205961165
205961664
205961697
205961736
205961738
205961768
205961895
205961905
205961974
205962043
205962080
205962447
205962453
205962467
205962543
205962621
205962652
205962734
205963076
205963211
205963226
205963547
205963548
205963609
205963667
205963682
205963819
205964003
205964079
205964443
205964484
205964706
205964865
205964871
205965099
205965158
205965569
205965608
205965648
205965692
205965738
205965748
205965841
205965923
205966080
205966143
205967062
205967086
205967265
205967271
205967358
205967481
205967509
205967833
205967849
205967925
205968111
205968141
205968148
205968336
205968365
205968404
205968509
205968957
205969013
205969062
205969119
205969165
205969200
205969268
205969319
205969358
205969594
205969680
205969705
205969788
205969877
205969884
205969986
205970092
205970257
205970363
205970472
205970666
205970692
205970951
205971075
205971106
205971224
205971236
205971389
205971438
205971449
205971456
205971617
205971671
205971753
205971944
205972004
205972014
205972130
205972148
205972354
205972490
205972576
205972684
205972762
205972807
205973093
205973307
205973449
205973486
205973521
205973605
205973648
205973847
205974080
205974368
205974374
205974407
205974440
205974487
205974489
205974551
205974617
205974719
205974730
205974896
205974954
205975023
205975140
205975308
205975508
205975660
205975668
205975824
205975916
205975961
205976130
205976156
205976382
205976423
205976555
205976556
205976629
205976756
205976856
205976870
205976958
205976983
205977024
205977048
205977213
205977328
205977347
205977372
205977433
205977616
205977732
205977745
205977906
205978069
205978232
205978280
205978376
205978389
205978483
205978510
205978567
205978578
205978712
205978736
205979007
205979090
205979216
205979396
205979410
205979516
205979611
205979736
205979766
205979832
205979837
205979842
205980089
205980457
205980492
205980741
205980840
205980889
205980955
205981067
205981262
205981285
205981459
205981484
205981537
205981622
205981637
205981641
205981690
205981940
205982080
205982100
205982119
205982192
205982267
205982347
205982472
205982565
205982667
205982792
205982930
205983182
205983330
205983485
205983620
205983689
205983714
205983882
205983916
205984037
205984071
205984153
205984467
205984621
205984677
205984777
205985027
205985075
205985182
205985250
205985290
205985311
205985357
205985476
205985479
205985612
205985726
205985734
205985772
205985923
205985930
205986028
205986045
205986197
205986200
205986251
205986297
205986305
205986493
205986762
205986792
205986794
205986797
205986935
205987002
205987098
205987256
205987537
205987865
205987990
205988054
205988234
205988274
205988410
205988508
205988645
205988671
205988881
205989021
205989244
205989438
205989668
205989802
205989874
205989973
205990012
205990080
205990177
205990228
205990302
205990339
205990573
205990703
205990769
205990821
205990968
205991127
205991136
205991257
205991454
205991527
205991648
205991921
205991935
205991979
205992009
205992221
205992377
205992388
205992512
205992521
205992575
205992615
205992723
205992734
205992817
205992841
205992861
205993087
205993101
205993301
205993318
205993356
205993454
205993475
205993533
205993676
205993701
205993760
205993785
205993809
205993834
205993844
205993953
205994192
205994242
205994284
205994305
205994450
205994454
205994539
205994591
205994762
205994821
205994829
205994896
205994910
205994943
205994961
205995057
205995088
205995203
205995288
205995425
205995743
205995863
205996073
205996242
205996255
205996286
205996390
205996423
205996733
205996809
205996967
205997047
205997149
205997464
205997534
205997557
205997673
205997718
205997751
205997776
205997840
205997891
205997904
205997951
205997960
205998058
205998309
205998452
205998473
205998490
205998575
205998588
205998649
205998856
205998865
205998903
205998957
205999017
205999059
205999153
205999242
205999344
205999437
205999443
205999468
205999476
205999568
205999675
205999691
205999847
205999864
206000070
206000109
206000140
206000143
206000312
206000400
206000433
206000530
206000627
206000829
206000877
206000925
206000933
206001007
206001293
206001302
206001459
206001481
206001591
206001606
206001644
206001651
206001682
206001964
206002000
206002021
206002041
206002151
206002338
206002346
206002350
206002379
206002411
206002507
206002508
206002555
206002621
206002656
206002727
206002780
206003032
206003051
206003123
206003138
206003147
206003165
206003184
206003187
206003202
206003260
206003293
206003452
206003535
206003629
206003678
206003718
206003758
206003806
206003851
206004215
206004303
206004317
206004368
206004512
206004542
206004605
206004636
206004651
206004663
206004669
206004691
206004767
206004801
206004973
206004989
206005083
206005182
206005406
206005411
206005460
206005708
206005786
206005808
206005851
206005863
206005935
206005968
206006036
206006246
206006397
206006589
206006709
206006751
206006819
206006830
206006991
206007213
206007216
206007228
206007231
206007260
206007422
206007428
206007432
206007536
206007733
206007795
206007851
206007892
206007947
206008020
206008024
206008070
206008118
206008320
206008356
206008358
206008549
206008711
206008774
206008812
206008819
206008835
206008971
206009202
206009294
206009335
206009356
206009612
206009728
206009908
206009978
206010093
206010104
206010218
206010231
206010277
206010331
206010346
206010458
206010465
206010504
206010521
206010746
206010763
206010953
206011016
206011108
206011150
206011235
206011263
206011294
206011303
206011419
206011438
206011450
206011495
206011496
206011512
206011535
206011661
206011686
206011691
206011766
206011914
206012087
206012254
206012451
206012551
206012610
206012653
206012723
206012894
206012935
206013053
206013104
206013158
206013179
206013288
206013344
206013351
206013540
206013548
206013588
206013596
206013627
206013660
206013676
206013698
206013733
206013771
206013819
206013839
206013893
206013896
206013918
206014003
206014020
206014143
206014255
206014467
206014572
206014749
206014873
206014949
206014951
206015048
206015065
206015088
206015192
206015229
206015264
206015265
206015402
206015416
206015707
206015773
206015804
206015808
206015878
206016231
206016279
206016359
206016500
206016662
206016715
206016865
206017077
206017128
206017159
206017171
206017201
206017207
206017258
206017351
206017368
206017394
206017540
206017551
206017783
206017787
206018160
206018240
206018246
206018256
206018296
206018302
206018308
206018366
206018389
206018430
206018668
206018727
206018770
206018813
206018899
206018929
206018971
206019043
206019104
206019139
206019173
206019269
206019392
206019482
206019501
206019560
206019599
206019659
206019939
206020034
206020118
206020141
206020189
206020358
206020452
206020718
206020926
206021135
206021155
206021376
206021435
206021489
206021553
206021755
206022001
206022082
206022170
206022188
206022384
206022513
206022637
206022639
206022811
206022839
206023114
206023179
206023190
206023387
206023497
206023591
206023621
206023641
206023680
206023866
206023869
206023974
206024094
206024304
206024326
206024363
206024448
206024475
206024547
206024567
206024635
206024688
206024706
206024976
206025097
206025204
206025324
206025425
206025605
206025689
206025800
206025899
206025915
206025916
206025968
206025997
206026055
206026087
206026136
206026161
206026190
206026266
206026372
206026426
206026513
206026597
206026644
206026652
206026656
206026659
206026747
206026809
206026825
206026842
206026880
206026904
206026936
206027106
206027374
206027465
206027510
206027531
206027653
206027655
206027685
206027732
206027774
206027885
206027899
206027902
206028078
206028089
206028130
206028134
206028147
206028176
206028182
206028300
206028356
206028478
206028535
206028536
206028585
206028612
206028692
206028744
206028747
206028797
206028844
206028891
206028894
206028939
206029084
206029132
206029158
206029253
206029300
206029314
206029335
206029450
206029511
206029571
206029578
206029627
206029948
206030016
206030169
206030193
206030199
206030200
206030207
206030387
206030408
206030412
206030533
206030902
206031017
206031090
206031122
206031152
206031254
206031446
206031571
206031573
206031601
206031724
206031775
206031813
206031855
206032293
206032321
206032322
206032331
206032589
206032596
206032691
206032745
206032808
206032887
206032955
206033019
206033099
206033141
206033246
206033274
206033414
206033474
206033539
206033753
206033816
206033830
206033841
206033946
206034024
206034045
206034052
206034096
206034129
206034313
206034373
206034413
206034555
206034571
206034578
206034668
206034883
206034924
206035049
206035050
206035052
206035075
206035101
206035142
206035143
206035284
206035369
206035381
206035397
206035615
206035667
206035795
206036026
206036048
206036094
206036102
206036187
206036258
206036275
206036329
206036438
206036456
206036475
206036724
206036726
206036749
206036870
206036939
206037022
206037023
206037205
206037275
206037449
206037789
206037963
206038132
206038237
206038318
206038370
206038410
206038415
206038470
206038473
206038610
206038677
206038995
206039034
206039072
206039146
206039310
206039361
206039396
206039412
206039481
206039486
206039513
206039531
206039593
206039693
206039900
206039932
206039936
206039976
206040104
206040149
206040292
206040345
206040408
206040418
206040420
206040430
206040507
206040583
206040600
206040638
206040730
206040903
206040999
206041019
206041038
206041070
206041081
206041209
206041371
206041414
206041434
206041486
206041518
206041542
206041622
206041664
206041748
206041863
206041972
206042018
206042054
206042174
206042192
206042224
206042331
206042365
206042412
206042459
206042549
206042583
206042720
206042874
206042946
206043032
206043138
206043475
206043480
206043557
206043590
206043829
206043880
206043905
206043936
206043959
206043969
206044010
206044021
206044142
206044160
206044395
206044484
206044489
206044527
206044545
206044558
206044699
206044803
206044826
206045102
206045109
206045213
206045377
206045391
206045394
206045420
206045463
206045570
206045632
206045805
206045914
206045999
206046025
206046294
206046362
206046398
206046401
206046474
206046499
206046542
206046564
206046572
206046719
206047055
206047275
206047297
206047309
206047337
206047384
206047748
206048112
206048305
206048467
206048480
206048508
206048584
206048592
206048720
206048768
206048778
206048811
206048885
206049273
206049452
206049476
206049503
206049556
206049606
206049745
206049796
206049832
206050032
206050298
206050461
206050573
206050661
206050724
206050859
206050880
206050887
206051048
206051070
206051246
206051256
206051257
206051292
206051359
206051507
206051586
206051624
206051684
206051701
206051863
206051873
206051879
206052124
206052152
206052511
206052599
206052875
206052992
206053019
206053140
206053360
206053389
206053496
206053541
206053793
206053801
206053819
206053844
206053866
206053883
206053905
206054042
206054053
206054167
206054175
206054202
206054273
206054329
206054392
206054401
206054417
206054440
206054454
206054535
206054671
206054675
206054846
206054969
206055014
206055065
206055190
206055301
206055420
206055768
206055858
206055919
206055951
206055981
206055982
206056048
206056126
206056133
206056159
206056376
206056648
206056775
206056832
206056907
206056979
206056980
206056999
206057098
206057154
206057199
206057408
206057420
206057572
206057621
206057649
206057663
206057665
206057733
206057777
206057814
206057893
206058056
206058139
206058152
206058210
206058238
206058317
206058359
206058383
206058431
206058794
206058873
206058910
206058994
206059064
206059097
206059169
206059204
206059251
206059670
206059779
206059785
206059787
206059850
206059872
206059945
206060014
206060212
206060236
206060241
206060253
206060468
206060470
206060538
206060575
206060626
206060853
206060861
206060905
206060972
206060998
206061159
206061267
206061292
206061373
206061376
206061546
206061686
206061767
206061790
206061812
206061837
206061858
206061979
206062004
206062063
206062076
206062143
206062148
206062233
206062328
206062442
206062464
206062492
206062609
206062740
206062813
206062918
206062948
206062953
206062992
206063007
206063235
206063251
206063326
206063336
206063364
206063464
206063469
206063505
206063726
206063741
206063831
206063862
206063973
206064046
206064233
206064246
206064276
206064487
206064499
206064504
206064618
206064841
206064843
206064923
206064971
206064979
206065061
206065107
206065255
206065360
206065526
206065534
206065684
206065691
206065778
206065784
206065904
206065914
206065934
206066072
206066125
206066142
206066198
206066225
206066265
206066322
206066332
206066470
206066545
206066573
206066637
206066790
206066800
206066862
206066876
206066932
206066958
206066977
206066993
206067033
206067068
206067081
206067114
206067215
206067326
206067457
206067542
206067552
206067617
206067762
206067874
206068091
206068141
206068177
206068205
206068213
206068221
206068227
206068258
206068422
206068523
206068625
206068727
206068771
206068796
206068956
206068973
206069011
206069147
206069201
206069203
206069316
206069406
206069505
206069536
206069600
206069652
206069702
206069707
206069783
206069797
206069827
206069828
206069838
206069858
206069912
206070069
206070106
206070109
206070126
206070165
206070334
206070335
206070627
206070824
206071041
206071070
206071125
206071377
206071432
206071478
206071501
206071743
206071779
206072116
206072228
206072546
206072585
206072773
206072803
206072808
206072825
206072906
206073444
206073463
206073513
206073661
206073767
206073831
206073832
206073977
206073979
206074076
206074105
206074162
206074220
206074385
206074430
206074569
206074623
206074635
206074698
206074901
206074990
206075231
206075255
206075379
206075388
206075431
206075458
206075530
206075685
206075796
206075900
206076028
206076064
206076184
206076218
206076253
206076422
206076589
206076743
206076772
206076892
206076950
206077053
206077298
206077332
206077334
206077592
206077618
206077640
206077646
206077678
206077702
206077734
206077929
206078005
206078108
206078139
206078219
206078453
206078461
206078488
206078533
206078582
206078737
206078769
206079230
206079463
206079514
206079535
206079540
206079668
206079726
206079740
206079965
206080118
206080586
206080589
206080726
206080768
206080809
206080889
206080993
206081137
206081158
206081185
206081218
206081225
206081301
206081375
206081428
206081458
206081643
206081681
206081826
206081834
206081869
206082045
206082063
206082225
206082493
206082569
206082581
206082610
206082701
206082716
206082797
206082937
206082957
206083146
206083230
206083509
206083510
206083681
206083972
206084031
206084061
206084283
206084294
206084512
206084598
206084659
206084665
206084752
206084781
206084865
206084935
206084954
206084972
206085067
206085187
206085282
206085333
206085360
206085370
206085375
206085523
206085545
206085636
206085755
206086005
206086037
206086169
206086346
206086460
206086470
206086525
206086602
206086707
206086803
206086860
206086927
206087058
206087077
206087093
206087154
206087239
206087415
206087477
206087514
206087651
206087748
206087768
206087821
206088017
206088143
206088318
206088565
206088631
206088707
206088882
206088887
206088908
206088981
206089032
206089196
206089201
206089224
206089232
206089256
206089279
206089328
206089356
206089414
206089428
206089619
206089729
206089768
206089917
206090051
206090098
206090123
206090129
206090142
206090205
206090324
206090400
206090421
206090530
206090574
206090590
206090656
206090690
206090726
206090740
206090798
206090818
206091047
206091096
206091199
206091349
206091375
206091442
206091675
206091823
206091984
206092276
206092585
206092674
206092815
206092922
206093036
206093106
206093248
206093273
206093390
206093448
206093454
206093551
206093569
206093593
206093646
206093905
206093928
206093938
206093963
206093994
206094039
206094242
206094265
206094337
206094339
206094342
206094352
206094421
206094447
206094513
206094722
206094977
206095038
206095110
206095295
206095311
206095405
206095407
206095545
206095635
206095648
206095659
206095708
206095960
206096022
206096283
206096303
206096315
206096416
206096500
206096521
206096540
206096602
206096697
206096723
206097041
206097055
206097102
206097202
206097342
206097385
206097409
206097423
206097509
206097554
206097719
206097787
206097950
206098173
206098199
206098302
206098376
206098486
206098533
206098682
206098704
206098723
206098851
206099098
206099234
206099254
206099319
206099379
206099514
206099582
206099630
206099638
206099686
206099827
206099864
206099897
206100238
206100242
206100308
206100511
206100828
206100831
206100855
206100943
206100949
206100953
206100982
206101009
206101022
206101105
206101182
206101187
206101210
206101230
206101243
206101302
206101453
206101456
206101626
206101744
206101809
206101810
206101902
206101922
206102009
206102011
206102077
206102411
206102523
206102748
206102898
206102910
206102927
206103023
206103033
206103224
206103225
206103237
206103250
206103289
206103347
206103359
206103442
206103564
206103608
206103664
206103741
206103980
206104115
206104244
206104372
206104421
206104423
206104431
206104445
206104448
206104526
206104535
206104667
206104789
206104962
206105117
206105251
206105348
206105375
206105395
206105485
206105548
206105561
206105570
206105589
206105701
206105775
206105777
206105990
206106316
206106427
206106431
206106574
206106757
206106878
206107032
206107113
206107309
206107362
206107394
206107429
206107569
206107601
206107651
206107668
206107701
206107710
206107716
206107884
206107953
206108017
206108034
206108083
206108086
206108141
206108172
206108177
206108179
206108258
206108556
206108661
206108895
206108920
206109343
206109365
206109495
206109497
206109685
206109713
206109716
206109851
206110073
206110112
206110247
206110322
206110336
206110397
206110479
206110607
206110760
206110889
206110898
206111153
206111183
206111195
206111212
206111262
206111284
206111289
206111435
206111503
206111519
206111552
206111865
206112066
206112197
206112361
206112430
206112444
206112484
206112489
206112567
206112645
206112685
206112690
206112732
206112764
206112827
206113085
206113123
206113188
206113267
206113270
206113294
206113381
206113475
206113480
206113498
206113505
206113596
206113626
206113638
206113686
206113739
206113764
206113787
206113922
206113988
206113997
206114071
206114102
206114495
206114630
206114648
206114674
206114875
206114989
206114990
206114991
206115210
206115213
206115273
206115426
206115430
206115519
206115541
206115598
206115627
206115708
206115747
206115863
206115873
206115879
206115887
206115897
206115954
206116019
206116157
206116256
206116340
206116397
206116448
206116718
206117029
206117157
206117168
206117228
206117230
206117249
206117310
206117349
206117351
206117367
206117438
206117448
206117473
206117547
206117559
206117621
206117635
206117648
206117696
206117858
206118202
206118294
206118349
206118387
206118504
206118507
206118878
206119217
206119545
206119639
206119730
206119796
206119833
206119868
206119892
206119918
206119924
206119935
206119939
206120030
206120043
206120101
206120108
206120352
206120428
206120630
206120692
206120800
206120831
206120837
206120925
206120999
206121005
206121195
206121196
206121274
206121378
206121465
206121600
206121682
206121763
206121812
206121833
206121958
206122017
206122393
206122553
206122751
206122768
206122829
206122998
206123150
206123205
206123227
206123256
206123271
206123399
206123479
206123527
206123645
206123771
206123969
206124013
206124041
206124311
206124620
206124644
206124658
206124710
206124750
206124932
206124977
206125141
206125303
206125365
206125482
206125501
206125562
206125599
206125618
206125634
206125729
206125783
206125788
206125851
206125880
206126007
206126013
206126088
206126110
206126139
206126187
206126311
206126395
206126569
206126611
206126654
206126743
206126813
206126847
206127103
206127144
206127491
206127629
206127655
206127695
206127748
206127762
206127819
206127930
206128069
206128071
206128121
206128135
206128274
206128473
206128493
206128634
206128819
206128830
206128832
206128849
206128900
206128947
206129145
206129250
206129430
206129551
206129602
206129626
206129709
206129718
206129954
206130043
206130199
206130353
206130592
206130613
206131052
206131053
206131127
206131197
206131217
206131413
206131496
206131504
206131577
206131664
206131730
206131975
206132041
206132304
206132377
206132435
206132534
206132581
206132770
206132790
206132887
206133054
206133080
206133103
206133199
206133284
206133309
206133321
206133322
206133603
206133660
206133795
206133850
206133873
206133973
206134035
206134202
206134391
206134590
206134949
206135011
206135129
206135170
206135267
206135335
206135415
206135422
206135484
206135505
206135556
206135591
206135606
206135638
206135669
206135682
206135700
206135764
206135809
206135852
206135866
206135870
206135963
206136153
206136156
206136293
206136402
206136467
206136521
206136527
206136559
206136565
206136586
206136607
206136642
206136644
206136932
206137085
206137097
206137193
206137523
206137530
206137600
206137635
206137757
206137786
206137793
206137835
206137917
206137945
206137987
206138051
206138080
206138529
206138544
206138623
206138673
206138733
206138776
206139021
206139053
206139108
206139182
206139203
206139430
206139435
206139454
206139703
206139811
206139858
206139918
206140012
206140037
206140144
206140197
206140587
206140692
206140697
206140798
206140818
206140891
206140921
206140926
206140971
206140993
206141092
206141095
206141160
206141250
206141378
206141437
206141594
206141644
206141687
206141713
206141738
206141750
206141824
206141844
206141856
206142102
206142216
206142277
206142483
206142715
206142811
206142874
206142903
206142930
206142991
206143033
206143040
206143140
206143176
206143470
206143475
206143570
206143580
206143686
206143841
206143886
206143948
206143949
206144053
206144076
206144084
206144180
206144212
206144243
206144299
206144488
206144515
206144535
206144635
206144700
206144769
206144777
206144925
206144936
206144947
206144956
206145078
206145165
206145425
206145494
206145623
206145668
206145766
206145838
206145844
206145886
206145935
206145945
206145979
206146153
206146170
206146224
206146248
206146427
206146466
206146543
206146598
206146645
206146648
206146659
206146664
206146709
206146775
206146953
206147005
206147164
206147341
206147502
206147528
206147533
206147620
206147873
206147901
206147924
206148135
206148153
206148206
206148321
206148334
206148445
206148467
206148544
206148618
206148661
206148704
206148764
206148914
206148965
206148972
206149117
206149251
206149446
206149533
206149560
206149701
206149741
206149743
206149777
206150026
206150044
206150116
206150479
206150619
206150694
206150828
206150838
206150854
206150876
206150972
206151117
206151278
206151303
206151376
206151388
206151454
206151546
206151680
206151799
206151813
206151867
206152057
206152108
206152160
206152212
206152248
206152262
206152344
206152426
206152465
206152516
206152568
206152627
206152684
206152705
206152724
206152800
206152824
206152985
206153159
206153306
206153383
206153445
206153467
206153489
206153754
206153858
206153993
206154246
206154502
206154641
206154674
206154801
206154848
206154883
206155016
206155119
206155131
206155163
206155177
206155196
206155228
206155284
206155320
206155451
206155505
206155603
206155607
206155645
206155693
206155706
206155711
206155809
206155922
206156025
206156163
206156337
206156442
206156890
206156973
206157097
206157369
206157395
206157410
206157617
206157665
206157695
206157750
206157782
206157908
206157999
206158099
206158133
206158298
206158409
206158428
206158512
206158590
206158652
206158824
206158862
206158864
206159025
206159027
206159141
206159216
206159282
206159360
206159428
206159546
206159565
206159629
206160050
206160115
206160171
206160748
206160896
206160898
206160913
206161004
206161164
206161241
206161249
206161256
206161344
206161534
206161570
206161634
206161641
206161655
206161691
206161850
206161851
206161961
206162061
206162122
206162232
206162305
206162361
206162440
206162544
206162602
206162661
206162769
206162784
206162814
206162969
206163124
206163143
206163291
206163431
206163658
206163798
206163857
206164084
206164099
206164235
206164390
206164458
206164848
206164873
206165111
206165135
206165435
206165773
206165963
206165965
206165970
206166092
206166135
206166140
206166172
206166179
206166275
206166396
206166484
206166653
206166728
206166861
206166885
206167107
206167178
206167208
206167417
206167539
206167611
206167619
206167649
206167851
206167853
206167857
206167943
206167986
206168220
206168247
206168313
206168655
206168656
206168867
206169051
206169145
206169157
206169249
206169353
206169375
206169550
206169824
206169932
206170080
206170387
206170411
206170487
206170492
206170669
206170674
206170691
206170744
206170896
206170904
206171104
206171213
206171302
206171323
206171516
206171548
206171632
206171690
206171779
206171862
206171878
206171921
206172067
206172086
206172110
206172149
206172157
206172445
206172527
206172702
206172775
206172842
206172860
206173426
206173645
206173771
206173775
206173833
206173841
206173903
206173925
206174239
206174289
206174325
206174372
206174459
206174674
206174892
206175153
206175157
206175164
206175191
206175239
206175267
206175301
206175442
206175620
206175977
206176097
206176253
206176830
206177541
206177652
206177766
206177970
206178012
206178050
206178099
206178112
206178160
206178202
206178370
206178378
206178474
206178476
206178584
206178615
206178982
206179059
206179101
206179135
206179156
206179360
206179395
206179455
206179534
206179586
206179792
206179903
206179959
206179976
206180021
206180299
206180333
206180387
206180414
206181022
206181182
206181274
206181400
206181442
206181549
206181550
206181579
206181769
206181775
206181831
206181870
206181875
206181939
206182055
206182393
206182500
206182640
206182844
206182846
206183084
206183109
206183134
206183261
206183265
206183381
206183425
206183671
206183867
206184115
206184168
206184254
206184370
206184395
206184398
206184406
206184409
206184489
206184528
206184530
206184533
206184581
206184611
206184748
206184802
206184819
206184920
206185329
206185397
206185535
206185618
206185893
206186077
206186474
206186475
206186484
206186538
206186645
206186836
206187170
206187222
206187321
206187398
206187518
206187614
206187724
206187963
206188149
206188322
206188343
206188390
206188504
206188539
206188841
206188891
206188964
206189177
206189299
206189304
206189310
206189515
206189523
206189528
206189732
206189740
206190193
206190551
206190588
206190709
206190769
206190871
206190879
206191000
206191003
206191200
206191257
206191370
206191401
206191420
206191540
206191788
206191840
206191960
206192022
206192094
206192097
206192246
206192335
206192449
206192567
206192711
206192916
206192958
206193108
206193328
206193450
206193555
206193763
206193765
206193811
206194016
206194093
206194170
206194285
206194598
206194864
206194954
206194968
206195033
206195150
206195234
206195403
206195436
206195807
206195983
206196080
206196194
206196295
206196455
206196533
206196737
206197016
206197086
206197208
206197260
206197476
206197750
206197844
206198028
206198223
206198405
206198443
206198509
206198599
206199102
206199135
206199306
206199390
206199600
206199798
206199831
206199912
206199931
206199977
206200030
206200266
206200268
206200517
206200519
206200832
206200982
206200994
206201021
206201030
206201272
206201523
206201551
206201642
206201643
206201957
206201961
206201983
206202131
206202235
206202634
206203112
206203202
206203568
206203624
206203708
206203761
206203868
206203908
206204021
206204159
206204197
206204211
206204414
206204421
206204513
206204674
206204731
206204854
206204884
206204985
206205027
206205260
206205349
206205500
206205525
206206093
206206291
206206480
206206994
206207127
206207200
206207220
206207313
206207355
206207481
206207543
206207547
206207892
206207908
206208148
206208153
206208361
206208370
206208495
206208654
206208706
206208956
206208968
206209006
206209199
206209239
206209259
206209262
206209609
206210242
206210253
206210264
206210269
206210349
206210468
206210489
206210800
206210870
206210904
206211094
206211151
206211229
206211233
206211295
206211496
206211549
206211611
206211698
206211777
206211780
206211955
206212129
206212262
206212417
206212487
206212491
206212680
206212803
206212822
206212972
206213165
206213325
206214222
206214588
206214816
206214910
206215195
206215302
206215357
206215400
206215492
206215576
206215818
206216053
206216343
206216351
206216371
206216402
206216420
206216659
206216787
206216868
206217083
206217184
206217435
206217612
206217684
206217893
206217987
206218040
206218105
206218236
206218334
206218497
206218744
206218749
206218782
206218807
206219247
206219558
206219970
206219989
206220055
206220590
206220739
206220766
206220866
206220898
206220989
206221024
206221066
206221118
206221306
206221999
206222051
206222380
206222508
206222516
206223327
206223374
206223683
206223688
206223835
206224320
206224833
206225000
206225103
206225114
206225226
206225758
206225881
206225890
206226010
206226146
206226331
206226441
206226463
206226498
206226517
206226658
206226675
206226953
206227186
206227370
206227743
206227929
206228177
206228324
206228726
206229087
206229214
206229240
206229360
206229875
206229908
206230046
206230097
206230228
206230314
206230321
206230380
206230632
206230735
206231182
206231270
206231355
206231429
206231669
206232002
206232033
206232486
206232491
206232616
206232732
206232817
206232895
206233331
206233778
206233837
206234045
206234071
206234124
206234216
206234229
206234419
206234446
206234448
206234454
206234677
206234743
206234815
206234880
206234899
206235029
206235403
206235693
206235791
206235797
206235886
206235912
206235940
206236123
206236336
206236366
206236372
206236968
206237120
206237225
206237378
206237416
206237443
206238000
206238358
206238495
206238557
206239502
206239665
206239820
206240145
206240640
206240752
206240838
206241154
206241162
206241208
206241274
206241433
206241693
206241736
206241758
206242111
206242788
206242998
206243079
206243152
206243472
206243499
206243500
206243717
206243823
206244182
206244790
206244828
206244998
206245091
206245553
206245648
206246011
206246047
206246071
206246257
206246296
206246485
206246651
206246830
206246862
206246936
206247012
206247322
206247401
206247430
206247727
206247743
206247764
206247778
206247968
206248253
206248267
206248274
206248419
206248436
206248707
206248735
206248771
206248969
206248993
206249131
206249159
206249187
206249202
206249270
206249569
206249614
206249652
206249844
206250013
206250020
206250140
206250144
206250172
206250448
206250574
206250594
206250722
206250736
206250783
206251039
206251336
206251453
206251467
206251772
206251852
206251880
206252553
206252569
206252810
206252940
206252944
206253011
206253090
206253138
206253254
206253463
206253651
206253656
206253688
206254014
206254054
206254220
206254466
206254628
206254705
206254832
206254879
206255028
206255139
206255423
206255433
206255453
206255485
206255542
206255554
206255691
206255780
206255837
206255879
206255892
206255930
206256427
206256833
206256894
206256935
206257093
206257183
206257202
206257219
206257243
206257265
206257525
206257572
206257609
206257625
206257652
206257715
206257828
206257930
206258229
206258290
206258320
206258377
206258512
206258803
206259035
206259126
206259294
206259350
206259527
206259647
206259840
206259892
206259956
206260008
206260052
206260238
206260321
206260368
206260394
206260467
206260486
206260585
206260733
206260857
206260914
206260993
206261151
206261196
206261250
206261263
206261459
206261534
206261692
206261730
206261788
206262009
206262223
206262273
206262336
206262341
206262395
206262538
206262569
206262661
206262783
206262890
206263068
206263434
206263491
206263574
206263693
206263710
206263928
206264152
206264312
206264620
206265038
206265127
206265366
206265396
206265523
206265672
206265846
206266098
206266459
206266613
206266740
206266828
206266944
206267073
206267082
206267115
206267182
206267220
206267363
206267402
206267503
206267554
206268025
206268089
206268105
206268288
206268299
206268327
206268516
206268520
206268572
206268700
206268773
206269253
206269337
206269425
206269742
206270180
206270185
206270203
206270259
206270383
206270443
206270469
206270542
206270701
206270947
206271186
206271510
206271736
206271852
206271906
206272120
206272522
206272921
206272962
206272968
206272998
206273175
206273301
206273375
206273420
206273733
206273776
206273779
206273939
206274157
206274183
206274186
206274218
206274290
206274307
206274460
206274801
206275336
206275642
206275668
206275681
206276163
206276288
206276295
206276314
206276360
206276687
206276815
206277002
206277321
206277518
206277614
206277639
206277702
206277838
206278011
206278128
206278181
206278400
206278428
206278604
206278613
206278880
206279569
206279654
206279843
206280056
206280268
206280416
206280767
206280852
206280958
206281088
206281305
206281405
206282097
206282120
206282352
206282628
206282803
206282918
206283166
206283430
206283823
206283834
206284078
206284165
206284418
206284419
206284443
206284592
206285231
206285345
206285411
206285749
206285789
206285801
206285896
206285903
206285965
206286057
206286112
206286306
206286307
206286463
206286512
206286670
206286704
206286811
206286845
206287049
206287179
206287623
206287680
206287766
206287819
206287865
206287919
206287955
206288007
206288146
206288233
206288297
206288523
206288594
206288689
206289075
206289083
206289150
206289217
206289293
206289391
206289686
206289941
206290216
206290296
206290560
206290621
206290855
206291167
206291201
206291369
206291430
206291592
206291756
206292153
206292205
206292370
206292469
206292540
206292714
206292752
206293115
206293181
206293324
206293340
206293349
206293521
206293535
206293955
206294633
206294666
206294914
206295002
206295083
206295173
206295570
206295592
206295632
206295882
206295894
206296049
206296067
206296176
206296342
206296635
206296669
206296762
206296829
206296941
206297253
206297314
206297532
206297614
206298109
206298289
206298620
206298766
206298843
206298927
206298995
206299153
206299314
206299411
206299569
206299867
206299988
206300127
206300136
206300160
206300323
206300490
206300688
206300854
206300886
206300978
206301167
206301204
206301364
206301380
206301386
206301452
206301468
206301556
206301567
206302051
206302149
206302275
206302351
206302634
206302802
206303174
206303429
206303924
206303939
206304102
206304116
206304346
206304709
206304853
206305011
206305026
206305108
206305286
206305308
206305759
206305769
206306182
206306389
206306444
206306731
206307226
206307482
206307579
206308234
206308248
206308582
206308812
206309085
206309193
206309533
206309641
206309791
206309794
206309809
206310005
206310094
206310288
206310385
206310438
206310592
206310879
206311022
206311111
206311395
206311722
206311743
206312309
206312404
206312511
206312519
206312536
206312597
206312846
206312892
206312951
206313012
206313170
206313201
206313221
206313684
206314187
206314558
206314746
206314879
206315074
206315093
206315277
206315391
206316022
206316206
206316292
206316363
206316513
206316611
206316952
206316982
206317011
206317286
206317340
206317514
206317629
206317761
206317825
206317845
206318088
206318147
206318716
206318776
206318799
206318969
206319151
206319431
206319951
206320062
206320733
206320891
206321303
206321619
206321673
206322094
206322268
206322282
206322310
206322528
206322548
206322648
206322766
206323065
206323106
206323374
206323388
206323397
206323429
206323686
206324063
206324086
206324097
206324187
206324446
206324476
206325065
206325155
206325166
206325179
206325375
206325377
206325540
206325550
206325766
206326095
206326109
206326420
206326593
206326734
206326840
206326948
206327271
206327423
206327583
206328068
206328374
206328582
206328599
206328716
206328877
206328904
206329305
206329456
206329537
206329774
206330000
206330183
206330363
206330652
206330756
206330776
206331184
206331788
206332013
206332107
206332226
206332277
206332318
206332607
206332655
206333242
206333372
206333472
206333689
206333715
206334056
206334308
206334670
206334967
206335079
206335204
206335424
206335460
206335582
206336147
206336313
206336485
206337260
206337340
206337475
206337547
206337952
206338026
206338953
206339125
206339183
206339269
206339304
206339659
206339982
206340090
206340384
206340507
206340575
206340577
206340646
206340739
206341269
206341508
206341927
206342013
206342211
206342264
206342808
206343161
206343512
206343552
206343755
206343819
206343832
206344420
206344598
206344665
206344788
206344800
206344925
206345037
206345060
206345299
206345494
206345939
206345966
206346208
206346614
206346757
206346837
206346926
206347143
206347166
206347201
206347304
206347439
206347785
206348117
206348470
206348556
206348688
206348802
206348879
206349023
206349116
206349155
206349253
206349327
206349442
206349995
206350062
206350165
206350204
206350227
206350362
206350386
206350805
206350825
206350941
206351471
206352171
206352520
206352652
206352765
206352924
206353103
206353295
206353411
206353564
206353570
206353832
206353903
206353957
206354049
206354061
206354194
206354376
206355037
206355330
206355427
206355579
206356130
206356221
206356472
206356541
206356690
206356750
206356760
206356997
206357016
206357018
206357043
206357258
206357270
206357566
206357626
206357842
206357934
206358304
206358352
206358378
206358695
206358713
206358776
206358969
206359130
206359142
206360060
206360126
206360367
206360666
206360684
206360794
206360885
206360900
206361329
206361426
206361471
206361770
206361997
206362057
206362063
206362314
206362356
206362513
206362622
206363004
206363277
206363432
206363437
206363486
206363538
206363690
206363814
206364118
206364171
206364195
206364281
206364772
206365020
206365173
206365529
206365619
206365828
206365931
206366029
206366102
206366499
206366509
206366530
206366674
206366717
206366730
206366913
206367149
206367456
206367703
206367826
206368049
206368179
206368378
206368728
206369034
206369171
206369173
206369189
206369509
206369700
206369951
206370724
206370898
206371335
206371409
206371445
206371446
206371449
206371808
206372760
206372786
206373378
206373629
206373693
206373834
206374038
206374128
206374292
206374327
206374393
206374404
206374886
206374969
206375159
206375317
206375335
206375361
206375927
206375971
206375988
206376358
206376614
206376625
206376830
206377305
206377694
206377857
206378027
206378264
206378346
206378558
206379257
206379489
206379504
206379658
206379989
206380050
206380588
206380678
206380741
206380909
206381203
206381615
206381814
206382647
206382684
206382696
206382727
206382804
206382998
206383168
206383593
206383647
206383737
206384023
206384577
206384710
206384822
206385476
206385640
206385850
206386081
206386098
206386154
206387270
206387352
206387615
206388727
206388833
206388834
206388925
206388990
206389397
206389434
206389661
206389717
206389784
206389928
206390079
206390323
206390783
206390906
206390937
206391365
206391379
206391742
206391830
206391966
206392823
206393139
206393175
206393355
206393429
206393564
206393746
206393756
206394357
206394429
206394503
206394698
206394783
206395277
206395989
206396000
206396111
206396365
206396572
206396937
206397007
206397015
206397019
206397045
206397247
206397790
206398119
206398192
206398565
206398805
206399064
206399092
206399520
206399560
206399604
206399648
206400170
206400391
206400665
206401204
206401227
206401345
206401410
206401518
206401904
206401995
206402108
206402319
206402482
206402711
206402984
206403034
206403226
206403369
206403384
206403799
206403818
206404369
206405047
206405223
206405405
206405414
206405536
206405597
206405651
206406094
206406134
206406488
206407082
206407339
206407801
206408498
206408626
206409070
206409081
206409121
206409823
206409829
206409856
206410306
206410807
206410880
206410999
206411100
206411208
206411831
206411932
206412009
206412056
206412120
206412162
206412251
206412436
206412597
206412618
206413231
206413297
206413345
206413503
206413786
206414105
206414382
206414841
206414895
206415728
206416060
206416580
206416939
206417180
206417224
206417229
206417262
206417269
206417877
206418193
206418564
206418593
206419265
206419270
206419301
206419396
206419532
206419535
206419541
206419774
206419844
206419845
206419920
206420034
206420430
206420625
206420636
206420919
206421266
206421494
206421511
206422158
206422161
206422510
206422523
206422539
206422773
206422867
206422979
206423003
206423021
206423421
206423687
206423760
206423904
206424074
206424245
206424562
206424599
206424802
206425054
206425112
206425218
206426131
206426511
206426628
206426661
206426850
206426866
206426914
206427106
206427322
206427411
206427456
206427649
206427873
206428167
206428268
206428752
206428783
206429293
206429639
206429846
206430209
206430917
206430957
206431159
206431168
206431829
206431941
206432041
206432150
206432322
206432473
206432585
206432820
206432863
206433076
206433101
206433205
206433244
206433313
206433596
206433671
206433675
206434062
206434236
206434281
206434484
206434552
206434639
206435168
206435286
206435478
206435605
206435709
206435786
206436075
206436350
206436576
206436600
206436782
206437312
206437700
206437874
206437943
206438209
206438236
206438350
206438527
206438700
206438766
206439314
206439371
206439513
206439591
206440060
206440183
206440207
206440234
206440409
206440449
206441232
206441321
206441337
206441940
206441949
206442191
206442211
206442473
206442578
206442638
206442711
206442832
206444021
206444974
206444990
206445083
206446147
206446175
206446515
206447086
206447099
206447873
206448284
206448450
206448500
206448641
206448881
206449018
206449598
206449638
206449771
206450522
206450602
206450681
206450709
206450994
206451051
206451106
206451223
206451405
206451499
206451570
206451618
206452000
206452347
206452655
206453057
206453059
206453502
206453555
206454147
206454221
206454290
206454553
206454618
206454652
206454714
206454833
206454848
206454901
206455087
206455138
206455215
206455464
206455599
206455683
206455701
206456223
206456320
206456526
206457118
206457135
206457513
206457590
206457779
206457928
206458133
206458278
206458354
206458694
206458726
206458928
206459123
206459175
206459547
206459801
206460173
206460196
206460390
206460887
206460910
206460915
206460950
206461012
206461016
206461039
206461841
206461969
206462069
206462212
206462709
206462785
206462806
206463203
206463381
206463522
206463526
206463671
206464053
206464173
206464365
206464528
206464567
206464902
206464931
206465189
206465199
206465395
206465397
206465545
206465708
206465746
206466298
206466521
206466752
206467104
206467120
206467287
206467305
206467930
206467974
206468036
206468397
206468661
206468773
206468877
206468984
206468993
206469210
206469434
206469498
206469672
206469703
206469710
206469798
206469879
206469897
206470130
206470185
206470277
206470389
206470488
206470517
206471080
206471280
206471411
206471580
206471671
206472066
206472162
206472188
206472198
206472339
206472405
206472458
206472474
206472563
206472650
206473090
206473103
206473308
206473386
206473705
206473982
206474230
206474257
206474261
206474266
206474337
206474606
206474695
206475021
206475150
206475525
206475632
206475649
206475771
206476006
206476070
206476150
206476223
206476423
206476629
206476810
206476915
206476964
206477154
206477344
206477379
206477588
206477767
206477939
206478323
206478446
206478475
206478617
206478682
206478716
206479199
206479252
206479260
206479478
206479739
206480011
206480058
206480132
206480142
206480155
206480356
206480426
206480558
206480719
206480856
206480929
206481270
206481368
206481397
206481508
206481676
206482284
206482512
206483031
206483102
206483125
206483276
206483397
206483853
206483890
206483944
206484283
206484284
206484618
206484703
206485015
206485025
206485191
206485369
206485388
206485440
206485840
206485889
206486211
206486228
206486264
206486362
206486439
206486599
206487012
206487172
206487252
206487438
206487629
206487879
206487933
206488559
206488636
206488767
206488811
206489095
206489539
206489568
206489821
206489919
206490042
206490189
206490392
206490470
206490871
206490994
206491127
206491357
206491688
206491707
206491775
206492079
206493378
206493427
206493667
206493881
206493968
206493973
206494005
206494264
206494487
206495007
206495298
206495861
206495934
206496158
206496722
206497009
206497511
206497613
206497667
206497686
206497744
206497964
206498196
206498201
206498275
206498364
206498729
206498766
206499039
206499359
206499508
206499936
206500261
206500290
206500466
206500494
206500636
206500672
206500801
206501145
206501471
206501912
206502214
206502849
206502859
206503050
206503208
206503284
206503637
206503816
206503981
206504207
206504254
206504577
206504942
206505060
206505084
206505655
206505871
206506058
206506201
206506518
206506913
206507295
206507329
206507842
206508251
206508287
206508351
206508622
206508639
206508902
206509238
206509277
206509281
206509477
206509616
206509672
206509878
206510047
206510510
206511176
206511241
206511299
206511343
206512080
206512675
206512721
206512790
206513433
206513608
206514009
206514337
206515124
206515228
206515928
206515945
206516297
206516677
206516857
206516967
206517072
206517079
206517109
206517923
206518322
206518484
206518625
206518969
206519016
206519080
206520071
206520270
206520540
206521062
206521886
206522020
206522193
206522526
206522543
206522587
206523282
206523306
206523481
206523548
206523737
206524060
206524288
206524553
206525203
206525522
206525755
206525890
206526139
206526306
206527199
206527376
206527973
206528471
206528527
206528713
206529164
206529963
206529973
206530552
206530629
206530640
206531149
206531228
206531534
206531565
206532487
206532876
206533173
206533513
206533581
206533747
206534092
206534192
206534263
206534929
206535016
206535467
206535752
206537267
206537893
206538217
206538506
206540114
206540710
206541630
206543431
206544297
206544567
206545445
206546142
206546591
206546675
206546759
206547892
206548236
206548335
206549620
206549732
206549953
206550119
206551492
206552075
206557570
206558424
206561699
206561712
