205897043
205905693
205914832
205915657
205930577
205941274
205955110
205969073
205977366
205985225
205985700
205988265
205997155
205998486
206000965
206007379
206010651
206016955
206028072
206029243
206044837
206046073
206053592
206054632
206065882
206072581
206074265
206081848
206087590
206105536
206123963
206125901
206126731
206131351
206143954
206144794
206149993
206162200
206166251
206169907
206175324
206178308
206184645
206185368
206186422
206199823
206211844
206213997
206218768
206218857
206235652
206242361
206249670
206278551
206278951
206280713
206288771
206300006
206300283
206333750
206348448
206386591
206397568
206398985
206409426
206425155
206466437
206478801
206496326
206496528
206512511
206522979
206523329
206546449
