210341949
210348175
210373111
210374056
210375765
210384744
210390215
210390571
210395925
210396766
210405012
210429557
210429602
210431599
210434070
210437575
210438520
210442558
210449987
210450012
210453345
210454657
210455747
210471407
210472261
210475158
210478323
210487662
210491773
210492247
210498388
210499360
210505182
210517217
210523138
210529209
210530626
210555161
210557508
210559948
210568531
210577198
210590280
210596089
210610151
210610962
210623454
210639353
210643507
210647245
210649999
210651217
210653298
210655791
210656700
210658751
210659779
210660571
210668156
210669401
210672179
210672985
210678008
210682614
210688253
210692381
210697335
210697782
210711034
210716115
210717694
210721586
210725210
210725850
210735321
210744375
210745493
210747473
210749000
210752606
210758168
210765827
210766395
210769793
210771656
210772819
210774807
210784223
210784546
210792230
210794599
210794747
210795198
210796886
210798039
210806505
210808585
210810961
210814048
210829783
210832048
210844626
210845303
210849044
210857465
210859099
210875952
210889448
210908413
210910177
210912256
210917200
210923399
210923995
210925176
210936758
210943662
210945762
210951735
210954667
210967051
210968696
210972718
210973575
210974869
210977750
210984540
210986506
210992939
210993942
211007062
211007360
211009199
211011634
211013564
211016408
211016431
211016921
211020082
211020742
211022330
211023010
211030074
211030153
211030550
211031397
211032114
211042413
211044759
211053882
211056908
211062526
211066849
211068547
211073349
211083721
211095127
211103918
211104058
211114628
211114864
211115338
211116358
211117788
211134185
211136427
211136846
211145665
211147528
211150917
211173015
211178965
