210308588
210314566
210320059
210320253
210325131
210336890
210344003
210344373
210347636
210355380
210355590
210357145
210357523
210375290
210386880
210386883
210389383
210391114
210401157
210418612
210424293
210448776
210470747
210471954
210472256
210494515
210504705
210512162
210530173
210534263
210542562
210562330
210581202
210598340
210613245
210622523
210626414
210639474
210642322
210651435
210654881
210661814
210668314
210682720
210699177
210725062
210729206
210734262
210734337
210738846
210740200
210744764
210753478
210760314
210762682
210765351
210765432
210774952
210776698
210778066
210779706
210780851
210784039
210787736
210789323
210789860
210793163
210793743
210794602
210798095
210802416
210805420
210813096
210821360
210822691
210822913
210823406
210838441
210846442
210846736
210856107
210857749
210865148
210879084
210880560
210882573
210886183
210888723
210894266
210898348
210914782
210917867
210919541
210925707
210941737
210946271
210946751
210952214
210956967
210958990
210959516
210961385
210964755
210965731
210971488
210983356
211000230
211000368
211000473
211001045
211003775
211004319
211005198
211006980
211011444
211014765
211015722
211017569
211019193
211021319
211026436
211029776
211035418
211036449
211040604
211041532
211045643
211046181
211047024
211049709
211051357
211053678
211060530
211061230
211061931
211063098
211063108
211063516
211066484
211068725
211078745
211083408
211083574
211087248
211089146
211090558
211093581
211096747
211097696
211099781
211103431
211103644
211107114
211113734
211115457
211118279
211118772
211119266
211120889
211125236
211130915
211137957
211147178
211154046
