210355269
210356450
210360901
210361551
210361885
210367220
210370729
210379999
210403086
210404228
210413481
210426551
210433146
210434247
210437941
210454588
210467408
210472483
210474285
210475773
210476794
210489231
210493551
210522228
210538996
210568214
210574135
210577029
210577546
210634139
210650657
210657179
210663545
210664740
210675130
210681941
210692406
210696614
210701669
210701688
210708282
210734643
210738738
210739713
210744182
210749423
210757799
210762209
210786891
210796097
210805120
210810957
210824046
210832801
210833209
210835735
210838192
210863062
210876158
210894583
210898971
210903023
210912231
210916769
210919084
210943453
210950265
210954320
210954859
210955775
210960936
210963463
210969614
210991500
211000135
211001410
211002172
211005924
211010071
211013604
211017994
211019716
211019860
211020446
211023213
211023687
211025007
211027775
211028956
211033155
211036665
211046168
211048014
211060049
211061316
211064990
211069510
211096084
211110500
211112686
211117529
211119314
211132787
211134000
211143504
211160700
211160717
211179336
211179955
