210326021
210344532
210352799
210371472
210378102
210380478
210388603
210398323
210406869
210408934
210412360
210413734
210418120
210424124
210429154
210435290
210451865
210459068
210460860
210462235
210480960
210489675
210491056
210494404
210507674
210510450
210512546
210516060
210553798
210572013
210596591
210615776
210666536
210688607
210706052
210707757
210723064
210728731
210737134
210741380
210744326
210746336
210747542
210748304
210750052
210754756
210779666
210781850
210794158
210819122
210835395
210863421
210868141
210893458
210898824
210913953
210928115
210929190
210929566
210931116
210935498
210936710
210936757
210938595
210948492
210950113
210954046
210969800
210978380
210994439
210998801
211000687
211008542
211008747
211013657
211015348
211015853
211018406
211020068
211020188
211021461
211026136
211027126
211035405
211046240
211050460
211057183
211059325
211061816
211062572
211065427
211066015
211066477
211069456
211070599
211071453
211075924
211077050
211079486
211082172
211089274
211091442
211091848
211098990
211101761
211106350
211112685
211125348
211129400
211133340
211135076
211159550
211161825
211166505
211193773
