210302627
210303168
210303479
210305942
210306475
210307221
210307958
210308210
210308491
210310510
210310995
210311375
210311597
210312511
210312947
210313423
210313844
210314226
210314232
210314431
210314671
210315527
210315825
210316002
210316598
210316947
210317105
210317331
210318134
210318481
210318757
210318953
210318976
210319568
210319712
210319744
210319815
210320099
210320835
210321327
210321520
210321968
210321990
210322242
210322349
210322505
210322728
210323140
210323478
210323564
210323749
210323805
210323900
210324263
210324363
210324940
210325299
210326016
210326019
210326160
210326221
210326403
210326472
210326779
210326794
210327027
210327051
210327065
210327256
210327264
210327369
210327391
210327534
210329401
210329466
210329615
210329711
210329745
210330150
210330158
210330159
210330338
210330399
210331148
210331473
210331686
210331852
210332382
210333158
210333577
210333993
210334711
210334851
210335277
210335351
210335583
210335684
210335817
210335889
210336121
210336238
210336338
210336845
210336897
210337222
210337911
210338231
210338379
210338425
210338718
210338814
210338942
210339021
210339048
210339068
210339090
210339301
210339350
210339410
210339537
210339718
210340058
210340787
210341295
210341408
210341601
210341801
210341985
210342145
210342168
210342649
210343004
210343070
210343184
210343383
210343441
210343508
210343796
210343819
210343864
210344430
210344563
210344843
210344942
210344970
210345113
210345183
210345266
210345761
210345944
210346054
210346423
210346445
210346490
210346584
210346652
210346718
210346920
210346974
210347178
210347188
210347435
210347560
210347847
210348007
210348130
210348262
210348362
210348474
210348636
210348713
210348825
210348838
210348848
210348906
210348941
210349031
210349185
210349194
210349313
210350007
210350618
210350646
210350808
210351283
210351339
210351434
210351472
210351844
210351916
210351973
210352139
210352179
210352195
210352251
210352451
210352532
210352551
210352573
210352608
210352614
210352751
210352774
210353063
210353075
210353272
210353661
210353807
210353894
210354035
210354147
210354276
210354384
210354551
210354598
210354724
210354900
210354942
210354975
210355180
210355209
210355463
210355586
210355626
210356056
210356152
210356327
210356761
210356938
210357006
210357016
210357131
210357206
210357237
210357444
210357502
210357684
210357957
210357981
210358120
210358125
210358224
210358369
210358399
210358663
210358865
210358866
210358893
210358970
210358999
210359109
210359117
210359198
210359234
210359296
210359427
210359732
210359844
210360165
210360368
210360545
210360629
210360695
210360804
210360999
210361003
210361038
210361116
210361250
210361271
210361458
210361504
210361707
210361757
210361763
210362054
210362551
210362637
210362668
210362732
210362737
210362768
210362869
210362959
210362983
210363131
210363300
210363388
210363457
210363519
210363521
210363526
210363732
210363752
210363853
210363904
210363994
210364103
210364114
210364482
210364503
210364628
210364655
210364668
210365070
210365110
210365113
210365138
210365226
210365229
210365294
210365381
210365478
210365562
210365600
210365632
210365837
210366175
210366389
210366515
210366557
210366718
210366722
210366728
210366981
210367033
210367064
210367085
210367139
210367189
210367322
210367333
210367456
210367799
210367887
210368102
210368243
210368383
210368652
210368746
210368753
210368963
210369015
210369082
210369206
210369286
210369417
210369453
210369570
210369815
210369887
210370237
210370462
210370582
210370599
210370656
210370843
210371034
210371136
210371175
210371296
210371630
210371757
210371851
210371951
210372124
210372126
210372178
210372185
210372266
210372277
210372335
210372381
210372533
210372773
210372853
210372865
210372930
210373028
210373067
210373134
210373197
210373312
210373387
210373390
210373592
210373705
210374010
210374082
210374163
210374175
210374262
210374320
210374520
210374707
210374966
210375079
210375093
210375231
210375265
210375280
210375447
210375546
210375563
210375568
210375581
210375896
210375929
210376109
210376151
210376310
210376350
210376377
210376448
210376470
210376542
210376554
210376697
210376737
210376787
210376837
210377014
210377034
210377089
210377109
210377172
210377280
210377375
210377666
210377853
210377879
210377906
210377920
210377965
210378088
210378094
210378274
210378281
210378327
210378458
210378472
210378559
210378623
210378686
210378745
210378751
210378867
210378897
210378976
210379214
210379320
210379602
210379617
210379656
210379789
210379805
210379874
210379962
210379977
210380136
210380313
210380337
210380481
210380524
210380598
210380605
210380948
210380954
210380997
210381130
210381157
210381281
210381516
210381522
210381604
210381639
210381730
210381759
210381786
210382121
210382166
210382203
210382643
210382724
210382843
210382978
210383218
210383233
210383290
210383350
210383356
210383496
210383578
210383669
210383672
210383988
210384005
210384020
210384116
210384192
210384211
210384243
210384447
210384520
210384590
210384850
210384959
210385049
210385252
210385282
210385546
210385556
210385578
210385666
210385758
210385804
210385859
210385892
210385895
210385899
210385962
210385969
210385971
210386083
210386088
210386167
210386195
210386359
210386409
210386458
210386744
210386851
210387406
210387553
210387632
210387639
210387767
210387805
210387818
210388098
210388236
210388247
210388277
210388356
210388387
210388424
210388498
210388679
210388728
210388873
210388948
210389034
210389069
210389233
210389255
210389338
210389398
210389441
210389478
210389499
210389672
210389835
210389881
210390044
210390135
210390362
210390478
210390488
210390540
210390546
210390632
210390800
210391072
210391134
210391196
210391235
210391472
210391543
210391582
210391604
210391682
210391779
210392096
210392376
210392391
210392462
210392499
210392554
210392764
210392819
210392845
210392915
210393031
210393124
210393254
210393318
210393467
210393638
210393789
210393794
210394030
210394282
210394318
210394321
210394363
210394470
210394508
210395010
210395039
210395051
210395081
210395232
210395314
210395341
210395422
210395499
210395695
210395719
210395842
210396283
210396366
210396444
210396471
210396535
210396538
210396555
210396566
210396580
210396618
210396647
210396720
210397103
210397202
210397285
210397302
210397315
210397353
210397354
210397359
210397362
210397465
210397591
210397628
210397654
210397664
210397713
210397926
210398004
210398049
210398225
210398309
210398578
210398682
210398698
210398706
210398980
210399102
210399142
210399180
210399231
210399348
210399361
210399419
210399450
210399472
210399625
210399818
210399848
210399896
210400037
210400363
210400405
210400519
210400531
210400536
210400569
210400671
210400751
210400786
210401023
210401072
210401114
210401139
210401172
210401217
210401263
210401299
210401353
210401368
210401443
210401497
210401543
210401760
210401790
210401859
210401886
210401906
210401928
210401938
210401964
210401986
210402158
210402252
210402329
210402340
210402430
210402455
210402468
210402509
210402634
210402802
210403037
210403190
210403286
210403410
210403721
210403725
210403813
210403895
210404028
210404101
210404130
210404407
210404457
210404461
210404479
210404501
210404519
210404594
210404681
210404794
210404888
210405016
210405206
210405447
210405680
210405685
210405744
210405750
210405756
210405785
210405830
210405918
210405978
210405995
210406057
210406175
210406180
210406245
210406259
210406275
210406345
210406347
210406389
210406434
210406440
210406485
210406496
210406554
210406775
210407063
210407134
210407199
210407201
210407238
210407620
210407653
210407695
210407779
210407818
210407839
210407864
210407918
210408171
210408185
210408259
210408295
210408618
210408649
210408655
210408821
210408841
210408860
210408947
210409039
210409106
210409309
210409347
210409384
210409453
210409587
210409688
210409764
210409766
210409791
210409820
210409980
210410093
210410183
210410185
210410249
210410341
210410386
210410454
210410511
210410512
210410618
210410836
210410902
210410936
210410963
210410964
210411020
210411030
210411040
210411065
210411135
210411201
210411270
210411364
210411379
210411411
210411525
210411548
210411633
210411657
210411714
210411742
210411757
210411759
210411787
210411950
210412022
210412108
210412137
210412284
210412303
210412311
210412372
210412505
210412589
210412652
210412721
210412802
210412951
210412981
210413043
210413073
210413106
210413164
210413214
210413222
210413312
210413441
210413459
210413531
210413542
210413551
210413720
210413743
210413992
210414166
210414207
210414219
210414313
210414332
210414504
210414550
210414596
210414765
210414829
210414957
210415117
210415164
210415184
210415282
210415339
210415364
210415536
210415652
210415682
210415718
210415823
210415837
210415966
210416057
210416120
210416257
210416291
210416377
210416404
210416434
210416791
210416841
210416868
210416869
210416903
210416965
210417086
210417256
210417259
210417298
210417332
210417347
210417401
210417477
210417540
210417838
210417921
210418094
210418141
210418216
210418233
210418263
210418268
210418307
210418381
210418528
210418592
210418619
210418736
210418851
210418945
210419021
210419052
210419080
210419135
210419179
210419185
210419206
210419428
210419519
210419586
210419662
210419687
210419693
210419818
210419990
210420034
210420164
210420216
210420264
210420283
210420306
210420429
210420576
210420605
210420802
210420861
210420956
210420976
210421082
210421204
210421277
210421290
210421405
210421457
210421514
210421615
210421845
210422025
210422116
210422136
210422183
210422304
210422612
210422650
210422764
210422835
210422892
210422945
210423053
210423217
210423263
210423270
210423272
210423313
210423368
210423437
210423468
210423485
210423522
210423573
210423829
210423858
210423957
210424136
210424184
210424201
210424239
210424401
210424453
210424481
210424611
210424761
210424866
210424896
210425029
210425070
210425130
210425135
210425155
210425204
210425205
210425291
210425323
210425327
210425338
210425465
210425506
210425542
210425592
210425604
210425611
210425621
210425631
210425673
210425787
210425792
210425856
210425963
210426070
210426073
210426077
210426373
210426451
210426606
210426626
210426676
210426687
210426784
210426894
210427017
210427081
210427123
210427170
210427196
210427212
210427233
210427245
210427422
210427434
210427456
210427458
210427595
210427720
210427776
210427803
210427923
210427967
210427968
210428037
210428113
210428153
210428163
210428184
210428190
210428206
210428344
210428357
210428378
210428435
210428488
210428499
210428551
210428634
210428667
210428783
210428826
210428882
210428894
210429021
210429258
210429279
210429439
210429553
210429666
210430060
210430114
210430128
210430195
210430226
210430246
210430458
210430530
210430772
210430924
210430977
210430992
210431212
210431233
210431409
210431431
210431443
210431576
210431637
210431663
210431858
210431972
210431975
210432075
210432103
210432197
210432274
210432308
210432489
210432499
210432538
210432553
210432629
210432719
210432741
210432860
210432943
210432953
210433068
210433079
210433138
210433380
210433399
210433430
210433446
210433687
210433696
210433720
210433783
210433954
210434104
210434202
210434213
210434238
210434290
210434360
210434458
210434468
210434491
210434494
210434584
210434785
210434861
210434909
210435095
210435109
210435152
210435349
210435381
210435384
210435719
210435756
210435794
210436082
210436095
210436133
210436426
210436435
210436476
210436602
210436932
210436949
210437091
210437115
210437218
210437354
210437356
210437384
210437526
210437531
210437593
210437837
210437885
210437894
210437958
210438009
210438072
210438079
210438133
210438148
210438176
210438286
210438344
210438345
210438350
210438450
210438460
210438495
210438514
210438582
210438629
210438638
210438812
210438849
210438929
210439053
210439091
210439154
210439419
210439467
210439611
210439619
210439877
210440058
210440077
210440088
210440140
210440197
210440402
210440416
210440455
210440643
210440651
210440706
210440725
210440744
210440836
210440844
210440853
210440889
210440944
210440950
210441109
210441289
210441365
210441415
210441618
210441672
210441890
210441911
210441949
210441967
210441972
210441983
210442091
210442175
210442366
210442649
210442734
210442739
210442768
210442792
210442796
210443084
210443155
210443253
210443354
210443714
210443766
210443796
210443920
210444075
210444078
210444090
210444148
210444156
210444167
210444224
210444444
210444585
210444607
210444616
210444925
210444963
210445017
210445411
210445429
210445589
210445742
210445942
210446038
210446165
210446178
210446229
210446432
210446544
210446614
210446642
210446674
210446822
210446842
210446912
210447006
210447007
210447014
210447277
210447300
210447337
210447474
210447619
210447875
210447892
210447899
210447938
210447939
210447942
210447979
210448102
210448213
210448314
210448454
210448542
210448616
210448631
210448810
210448922
210448987
210449062
210449132
210449185
210449226
210449401
210449466
210449540
210449862
210449873
210449994
210450280
210450293
210450414
210450426
210450455
210450505
210450786
210450948
210451047
210451070
210451247
210451396
210451413
210451451
210451503
210451565
210451592
210451618
210451708
210451729
210451747
210451815
210451837
210451855
210451931
210451951
210451976
210452034
210452069
210452082
210452146
210452276
210452323
210452373
210452553
210452714
210452952
210453045
210453089
210453109
210453153
210453164
210453623
210453697
210453726
210453921
210454023
210454081
210454617
210454705
210455051
210455173
210455178
210455300
210455330
210455332
210455333
210455478
210455580
210455679
210455751
210455885
210455921
210455987
210456015
210456194
210456477
210456519
210456778
210456872
210456876
210457085
210457230
210457252
210457322
210457400
210457439
210457474
210457528
210457695
210457839
210457896
210457936
210457993
210458073
210458107
210458174
210458488
210458576
210458598
210458602
210458618
210458863
210458987
210459047
210459050
210459098
210459297
210459394
210459446
210459662
210459700
210459958
210460124
210460225
210460262
210460296
210460331
210460381
210460485
210460489
210460630
210460802
210460953
210461013
210461044
210461123
210461399
210461470
210461664
210461723
210461958
210462021
210462109
210462172
210462199
210462206
210462282
210462435
210462569
210462646
210462649
210462709
210462920
210462943
210463038
210463105
210463127
210463175
210463182
210463366
210463549
210463606
210463759
210463760
210463761
210463870
210463943
210464422
210464441
210464453
210464479
210464569
210464591
210464687
210464722
210464871
210464906
210464979
210465057
210465123
210465287
210465337
210465350
210465445
210465589
210465633
210465839
210466007
210466035
210466088
210466150
210466173
210466275
210466471
210466583
210466658
210466679
210466851
210466989
210467177
210467231
210467277
210467490
210467657
210467782
210467819
210467837
210468049
210468088
210468122
210468157
210468261
210468282
210468477
210468499
210468558
210468565
210468664
210468746
210468756
210468794
210468850
210468941
210469029
210469180
210469238
210469429
210469490
210469574
210469849
210469888
210470100
210470109
210470124
210470138
210470427
210470444
210470456
210470503
210470681
210471208
210471459
210471622
210471687
210471690
210471795
210471957
210472041
210472186
210472266
210472328
210472400
210472455
210472541
210472617
210472699
210472847
210472921
210473016
210473152
210473187
210473347
210473363
210473400
210473587
210473735
210473814
210473923
210474101
210474116
210474556
210474569
210474639
210474705
210474883
210475069
210475095
210475147
210475270
210475279
210475442
210475555
210475582
210475820
210475863
210476012
210476247
210476327
210476829
210476863
210476976
210477101
210477428
210477810
210478034
210478228
210478251
210478399
210478523
210478776
210478823
210478918
210478960
210479001
210479026
210479043
210479116
210479508
210479546
210479594
210479700
210479730
210479761
210479845
210480014
210480138
210480281
210480407
210480492
210480562
210480582
210480663
210480719
210480766
210480813
210480834
210480875
210480958
210481025
210481035
210481255
210481290
210481572
210481666
210481667
210481712
210481853
210482158
210482208
210482409
210482444
210482453
210482520
210482588
210482617
210482719
210482893
210482964
210483025
210483036
210483090
210483113
210483125
210483160
210483265
210483461
210483488
210483565
210483581
210483632
210483678
210483765
210483781
210483858
210483889
210483964
210483966
210484007
210484040
210484093
210484096
210484105
210484153
210484192
210484193
210484202
210484218
210484270
210484300
210484306
210484310
210484399
210484557
210484577
210484748
210484882
210485165
210485196
210485205
210485258
210485451
210485475
210485497
210485526
210485566
210485784
210485801
210485868
210486055
210486299
210486327
210486386
210486424
210486521
210486799
210486830
210486841
210487366
210487471
210487475
210487619
210487623
210487678
210487684
210487720
210487891
210487896
210487969
210487976
210488155
210488203
210488219
210488239
210488694
210488704
210488735
210488827
210488943
210488965
210489101
210489208
210489239
210489254
210489262
210489288
210489320
210489330
210489350
210489467
210489488
210489662
210489743
210489759
210489853
210490330
210490488
210490602
210490694
210490695
210491103
210491117
210491271
210491294
210491296
210491311
210491453
210491631
210491929
210491941
210491976
210491998
210492066
210492119
210492197
210492241
210492305
210492583
210492741
210492834
210492845
210492876
210492903
210492943
210492962
210492988
210493071
210493086
210493131
210493159
210493199
210493224
210493284
210493386
210493397
210493512
210493698
210493955
210493984
210494190
210494369
210494413
210494477
210494536
210494690
210494761
210494824
210495014
210495049
210495122
210495151
210495260
210495264
210495330
210495404
210495430
210495516
210495543
210495696
210495790
210495929
210496004
210496027
210496126
210496185
210496191
210496303
210496325
210496348
210496353
210496548
210496725
210496775
210496777
210496820
210496851
210496938
210496963
210497167
210497250
210497259
210497280
210497300
210497445
210497486
210497498
210497570
210497605
210497694
210497719
210497875
210498223
210498242
210498305
210498367
210498429
210498466
210498691
210498991
210499187
210499217
210499222
210499237
210499243
210499976
210499977
210499983
210500021
210500120
210500132
210500160
210500305
210500368
210500451
210500490
210500664
210500705
210500712
210500846
210500854
210500967
210500981
210500996
210501067
210501088
210501386
210501411
210501536
210501726
210501964
210502400
210502513
210502690
210502734
210503225
210503575
210503728
210503965
210504619
210504784
210504998
210505112
210505121
210505125
210505393
210505442
210505471
210505487
210505501
210505516
210505627
210505725
210505732
210505747
210505917
210506319
210506748
210506772
210506844
210506861
210506907
210506911
210507371
210507437
210507564
210507565
210507693
210507710
210507741
210507985
210508134
210508219
210508574
210508822
210508823
210508994
210509138
210509420
210509426
210509438
210509484
210509539
210509788
210509992
210510019
210510129
210510422
210510707
210510727
210510910
210510914
210511437
210511471
210511615
210511712
210511968
210512046
210512049
210512242
210512304
210512378
210512390
210512417
210512453
210512573
210512806
210512824
210512911
210513076
210513144
210513156
210513368
210513377
210513453
210513551
210513580
210513601
210513615
210513741
210513879
210513931
210514063
210514191
210514202
210514408
210514428
210514527
210514648
210514669
210514681
210514687
210514694
210514731
210515020
210515094
210515098
210515252
210515337
210515421
210515802
210515938
210516237
210516336
210516402
210516523
210516629
210516686
210516692
210516826
210516835
210516885
210516886
210516949
210516993
210517068
210517235
210517329
210517342
210517412
210517471
210517531
210517536
210517600
210517608
210517920
210518000
210518239
210518401
210518407
210518506
210518516
210518641
210518739
210518879
210518882
210519207
210519216
210519217
210519335
210519360
210519374
210519453
210519463
210519528
210519559
210519680
210519764
210519806
210519822
210519983
210520105
210520116
210520118
210520186
210520277
210520487
210520513
210520708
210520786
210520834
210521146
210521154
210521162
210521242
210521347
210521397
210521418
210521503
210521735
210521821
210521832
210521876
210521924
210521942
210521992
210522057
210522070
210522227
210522262
210522673
210522853
210522973
210523028
210523056
210523135
210523246
210523272
210523583
210523795
210524142
210524221
210524341
210524351
210524395
210524577
210524708
210524811
210524834
210524974
210525014
210525134
210525153
210525209
210525212
210525455
210525462
210525532
210525754
210525807
210526141
210526270
210526286
210526307
210527392
210527398
210527600
210527690
210527747
210527809
210527910
210528056
210528063
210528139
210528175
210528383
210528404
210528473
210528505
210528519
210528634
210528696
210528811
210528994
210529407
210529424
210529521
210529680
210529978
210530003
210530649
210530681
210530807
210530882
210530896
210531020
210531027
210531062
210531194
210531580
210531617
210531773
210531891
210531945
210531954
210532174
210532491
210532533
210532782
210532894
210532920
210533100
210533190
210533394
210533552
210533695
210533717
210533799
210534064
210534221
210534545
210534547
210534548
210534598
210534608
210534662
210535075
210535083
210535409
210535512
210535619
210535924
210536061
210536062
210536096
210536109
210536142
210536194
210536233
210536504
210536583
210536704
210536928
210536937
210537058
210537074
210537244
210537322
210537507
210537744
210537886
210537900
210537905
210537941
210538007
210538146
210538169
210538361
210538431
210538483
210538598
210538654
210538663
210538747
210538804
210538885
210539035
210539106
210539170
210539305
210539342
210539424
210539614
210539681
210539733
210539807
210539809
210539911
210539934
210540115
210540175
210540306
210540389
210540420
210540452
210540507
210541080
210541335
210541467
210541469
210541506
210541614
210541769
210541781
210541863
210541952
210542033
210542079
210542152
210542483
210542516
210542521
210542542
210542683
210542934
210543020
210543067
210543133
210543233
210543323
210543367
210543414
210543452
210543649
210543707
210544025
210544160
210544482
210544533
210544563
210544817
210544842
210544867
210544982
210545065
210545084
210545114
210545136
210545225
210545258
210545274
210545303
210545360
210545579
210545707
210545890
210546062
210546223
210546248
210546350
210546541
210546619
210546746
210546771
210546830
210546855
210547105
210547171
210547200
210547338
210547413
210547552
210547566
210547627
210547685
210547716
210547966
210548107
210548188
210548430
210548604
210548781
210548838
210548864
210548917
210549218
210549349
210549352
210549699
210549731
210549769
210549816
210549867
210549902
210549952
210550084
210550268
210550275
210550315
210550455
210550896
210550946
210551036
210551045
210551101
210551198
210551280
210551377
210551548
210551657
210551959
210552175
210552218
210552411
210552448
210552677
210552770
210552824
210552998
210553017
210553118
210553261
210553304
210553505
210553678
210553703
210553820
210553950
210554146
210554181
210554654
210554696
210554956
210554993
210555036
210555082
210555177
210555180
210555268
210555475
210555542
210555601
210555734
210555985
210556015
210556043
210556206
210556280
210556393
210556400
210556477
210556770
210556774
210556956
210556985
210557072
210557093
210557541
210557904
210558018
210558022
210558192
210558280
210558370
210558479
210558564
210558635
210558687
210558807
210559511
210559663
210559715
210559735
210559740
210559768
210560207
210560286
210560361
210560369
210560609
210560949
210561062
210561263
210561295
210561483
210561704
210561737
210561780
210562121
210562129
210562282
210562582
210562818
210562819
210563075
210563175
210563323
210563334
210563484
210563585
210563619
210563669
210563800
210564053
210564347
210564381
210564508
210564638
210564782
210564796
210565218
210565387
210565608
210565627
210565866
210565922
210565995
210566235
210566279
210566397
210566419
210566444
210566533
210566637
210566790
210566910
210567045
210567200
210567284
210567395
210567450
210567516
210567628
210567716
210567748
210567766
210567887
210568122
210568242
210568328
210568480
210568516
210568587
210568986
210569016
210569128
210569412
210569443
210569481
210569604
210569957
210569980
210570158
210570248
210570272
210570493
210570535
210570641
210570660
210570711
210570733
210570782
210570899
210571013
210571155
210571322
210571348
210571595
210571656
210571663
210571706
210571707
210571720
210571838
210572584
210573127
210573133
210573232
210573261
210573590
210574290
210574376
210574477
210574585
210574591
210575071
210575096
210575243
210575372
210575420
210575675
210575708
210575782
210576063
210576077
210576193
210576227
210576472
210576501
210576513
210576556
210576611
210576774
210576899
210576971
210577050
210577261
210577268
210577307
210577392
210577622
210577641
210577668
210578113
210578190
210578214
210578381
210579087
210579117
210579275
210579326
210579344
210579547
210579589
210579801
210579968
210580014
210580056
210580059
210580170
210580175
210580215
210580256
210580471
210580543
210580638
210580681
210580844
210581034
210581272
210581470
210581549
210581668
210581726
210581834
210581865
210581982
210582129
210582198
210582309
210582324
210582396
210583110
210583420
210583505
210583506
210583507
210583548
210583818
210583947
210584156
210584167
210584219
210584294
210584420
210584462
210584468
210584678
210584832
210585019
210585133
210585259
210585361
210585703
210585707
210586011
210586108
210586179
210586218
210586266
210586300
210586502
210586531
210586581
210586693
210586782
210586950
210586964
210586967
210587542
210587604
210587737
210588175
210588278
210588282
210588284
210588341
210588552
210588815
210589519
210589604
210589718
210589911
210590023
210590249
210590283
210590363
210590466
210590651
210591018
210591127
210591479
210591553
210591822
210591853
210591888
210591914
210592214
210592216
210592240
210592463
210592718
210592784
210592875
210592903
210593121
210593211
210593358
210593405
210593474
210593489
210593702
210593780
210593785
210593804
210594040
210594740
210594764
210594805
210594811
210594962
210595024
210595177
210595579
210596100
210596211
210596347
210596469
210596521
210596615
210596699
210596719
210596957
210597113
210597322
210598049
210598341
210598530
210598581
210598655
210598683
210598750
210598966
210599017
210599047
210599058
210599092
210599217
210599294
210599330
210599414
210599468
210599599
210599705
210599792
210599987
210600043
210600132
210600314
210600473
210600723
210600819
210601021
210601109
210601146
210601384
210601699
210601788
210601884
210602383
210602443
210602462
210602739
210603330
210603402
210603422
210603643
210603742
210603795
210603892
210603953
210604072
210604084
210604219
210604290
210604403
210604467
210604569
210604816
210604953
210605073
210605115
210605244
210605371
210605519
210605824
210605896
210606045
210606490
210606491
210606650
210607031
210607065
210607190
210607832
210607971
210608143
210608233
210608243
210608585
210608616
210608699
210608892
210608931
210609023
210609071
210609231
210609345
210609420
210609471
210609921
210610025
210610146
210610210
210610912
210611076
210611191
210611389
210611392
210611452
210611550
210611806
210611807
210611868
210611976
210612027
210612134
210612142
210612169
210612213
210612240
210612542
210612566
210612655
210612766
210612993
210613050
210613430
210613445
210613639
210613775
210613925
210614081
210614106
210614157
210614288
210614402
210614477
210614693
210614836
210615007
210615206
210615550
210615640
210615875
210616225
210616557
210616746
210616849
210617184
210617233
210617295
210617543
210617593
210617659
210617827
210617878
210618086
210618142
210618239
210618246
210618281
210618536
210618830
210618888
210618991
210619010
210619025
210619139
210619272
210619444
210619810
210619854
210620074
210620207
210620308
210620508
210620793
210621257
210621309
210621461
210621546
210622097
210622194
210622339
210622369
210622570
210622572
210622852
210622863
210622988
210623151
210623267
210623298
210624145
210624308
210624436
210624462
210624718
210624910
210625165
210625247
210625430
210625466
210625601
210625660
210625740
210625823
210625837
210625993
210626218
210626232
210626298
210626443
210626728
210626780
210626797
210626852
210626912
210626938
210627056
210627153
210627179
210627274
210627456
210627659
210627824
210628233
210628286
210628341
210628687
210628771
210628851
210628882
210628944
210629028
210629399
210629497
210629883
210630013
210630228
210630270
210630434
210630536
210630689
210630718
210630743
210630901
210631011
210631076
210631151
210631190
210631455
210631466
210631590
210631646
210631744
210631827
210631912
210631944
210631959
210632018
210632031
210632041
210632048
210632109
210632303
210632315
210632332
210632353
210632381
210632918
210633283
210633333
210633383
210633443
210633586
210633717
210633970
210634047
210634182
210634270
210634390
210634464
210634475
210634485
210634627
210634677
210634895
210634949
210635023
210635052
210635119
210635170
210635313
210635426
210635651
210635702
210635924
210636044
210636095
210636131
210636466
210636559
210637057
210637148
210637377
210637378
210637603
210637688
210637691
210637769
210637822
210637889
210637974
210637985
210638066
210638122
210638222
210638270
210638879
210639253
210639297
210639440
210639548
210639742
210639977
210640023
210640127
210640138
210640227
210640385
210640404
210640411
210641072
210641308
210641371
210641431
210641439
210641555
210641603
210641730
210642092
210642128
210642159
210642167
210642489
210642531
210642549
210642859
210642942
210643000
210643109
210643133
210643194
210643415
210643642
210643720
210643901
210644077
210644101
210644203
210644260
210644266
210644574
210644816
210644824
210644843
210644943
210644997
210645034
210645089
210645185
210645201
210645340
210645636
210645732
210645805
210645839
210645880
210645948
210646015
210646017
210646245
210646357
210646402
210646548
210646667
210646763
210646777
210646805
210646889
210646953
210647240
210647256
210647344
210647396
210647774
210647804
210647813
210648155
210648452
210648672
210648673
210648780
210648987
210649298
210649312
210649623
210649712
210649921
210650014
210650125
210650285
210650451
210650494
210650921
210651055
210651268
210651393
210651449
210651545
210651563
210651825
210651865
210651900
210651960
210651994
210652029
210652161
210652163
210652351
210652383
210652488
210652650
210652955
210653306
210653412
210653734
210653821
210654033
210654047
210654237
210654312
210654389
210654734
210654828
210654889
210654953
210654971
210655150
210655485
210655499
210655687
210655699
210655711
210655738
210655886
210655978
210656063
210656360
210656479
210656482
210656623
210656809
210656886
210657127
210657134
210657269
210657456
210657912
210657957
210658015
210658085
210658221
210658304
210658376
210658447
210658521
210658609
210658777
210659060
210659072
210659162
210659277
210659314
210659555
210659610
210659688
210659852
210659934
210660159
210660175
210660187
210660201
210660285
210660414
210660574
210660597
210660686
210660712
210660722
210660773
210660836
210660949
210660979
210661047
210661082
210661363
210661376
210661434
210661738
210662078
210662134
210662210
210662553
210662767
210662804
210662884
210663044
210663050
210663063
210663154
210663233
210663251
210663410
210663518
210663628
210663808
210663811
210663883
210663904
210663943
210663972
210663999
210664082
210664084
210664248
210664294
210664504
210664607
210664720
210664730
210664763
210664782
210664796
210664997
210665102
210665146
210665217
210665262
210665278
210665423
210665444
210665454
210665561
210666030
210666042
210666098
210666268
210666534
210666556
210666696
210666747
210666810
210666886
210667011
210667109
210667155
210667186
210667556
210667561
210667603
210667626
210667727
210667803
210667824
210667985
210668119
210668139
210668231
210668301
210668500
210668573
210668668
210668679
210669058
210669063
210669141
210669183
210669297
210669299
210669355
210669489
210669628
210669835
210669849
210669959
210670052
210670134
210670377
210670433
210670450
210670486
210670513
210670547
210670646
210670681
210670757
210670768
210670836
210670887
210670925
210670944
210671008
210671020
210671047
210671091
210671192
210671216
210671356
210671374
210671425
210671623
210671641
210671717
210671722
210671939
210672000
210672109
210672289
210672404
210672441
210672661
210672969
210673168
210673217
210673669
210673741
210673786
210673796
210673886
210673990
210674000
210674052
210674085
210674223
210674232
210674233
210674267
210674318
210674408
210674695
210674730
210674794
210674833
210674884
210675011
210675041
210675065
210675209
210675276
210675326
210675409
210675410
210675468
210675567
210675584
210675756
210675802
210676017
210676192
210676245
210676348
210676384
210676435
210676477
210676484
210676509
210676595
210676667
210676830
210676864
210676893
210676910
210677099
210677366
210677480
210677528
210677549
210677558
210677733
210677761
210677955
210678041
210678043
210678122
210678270
210678394
210678400
210678431
210678476
210678612
210678644
210678669
210678753
210678761
210678778
210678834
210678869
210678939
210679044
210679094
210679189
210679234
210679235
210679276
210679567
210679592
210679695
210679697
210679761
210679768
210679895
210679934
210679958
210680009
210680070
210680081
210680151
210680412
210680544
210680599
210680671
210680739
210680944
210680979
210681032
210681158
210681215
210681239
210681240
210681357
210681358
210681369
210681422
210681610
210681780
210681787
210681830
210681899
210681947
210681962
210682026
210682074
210682217
210682296
210682445
210682496
210682773
210683034
210683150
210683251
210683337
210683428
210683536
210683690
210683700
210683735
210683815
210683894
210683987
210684063
210684075
210684079
210684141
210684211
210684240
210684271
210684372
210684376
210684377
210684582
210684667
210684722
210684766
210684874
210684884
210684908
210684973
210684978
210685012
210685054
210685192
210685382
210685444
210685477
210685483
210685548
210685691
210685692
210685780
210685924
210686138
210686186
210686220
210686280
210686342
210686506
210686733
210686786
210686855
210687188
210687206
210687242
210687274
210687301
210687317
210687437
210687475
210687594
210687661
210687882
210688012
210688269
210688398
210688461
210688524
210688619
210688643
210688734
210688766
210688831
210688884
210688929
210688994
210689067
210689130
210689240
210689309
210689355
210689416
210689433
210689460
210689534
210689609
210689840
210689903
210689944
210690158
210690159
210690210
210690230
210690283
210690333
210690406
210690419
210690453
210690537
210690609
210690691
210690791
210690901
210691240
210691370
210691580
210691867
210691870
210691925
210691926
210691937
210691986
210692079
210692204
210692288
210692292
210692590
210692743
210692959
210692962
210693194
210693211
210693284
210693420
210693526
210693708
210693744
210693790
210693815
210693835
210694016
210694125
210694526
210694644
210694695
210694894
210695050
210695144
210695214
210695246
210695310
210695360
210695583
210695688
210695757
210695777
210695950
210695955
210696133
210696161
210696296
210696373
210696628
210696679
210696712
210696739
210696763
210696879
210697132
210697273
210697301
210697304
210697531
210697586
210697647
210697736
210697757
210697775
210697872
210698373
210698543
210698679
210698695
210698818
210698933
210698990
210699023
210699053
210699081
210699158
210699182
210699516
210699534
210699621
210699638
210699732
210699847
210699907
210699967
210700078
210700153
210700174
210700205
210700361
210700403
210700574
210700590
210700633
210700669
210700694
210700745
210700761
210700826
210700938
210701022
210701071
210701201
210701244
210701454
210701482
210701520
210701530
210701568
210701659
210701807
210701812
210701907
210701956
210702034
210702287
210702313
210702344
210702350
210702353
210702527
210702696
210702780
210702898
210703162
210703179
210703227
210703505
210703566
210703831
210703889
210703995
210704229
210704234
210704340
210704547
210704618
210704834
210705018
210705128
210705160
210705164
210705199
210705273
210705439
210705491
210705546
210705661
210705751
210705899
210705972
210706071
210706090
210706118
210706136
210706248
210706310
210706354
210706369
210706480
210706813
210706868
210706881
210707040
210707147
210707334
210707377
210707405
210707474
210707710
210707799
210707957
210708140
210708222
210708483
210708506
210708537
210708709
210708871
210708889
210708924
210709047
210709074
210709172
210709236
210709331
210709362
210709386
210709525
210709725
210709742
210709792
210709809
210709891
210709959
210710065
210710126
210710159
210710370
210710371
210710490
210710613
210710657
210711002
210711037
210711106
210711131
210711222
210711233
210711357
210711367
210711430
210711431
210711432
210711543
210711772
210711788
210711807
210711926
210712003
210712019
210712022
210712064
210712066
210712083
210712178
210712194
210712268
210712299
210712302
210712332
210712335
210712395
210712431
210712455
210712613
210712761
210712870
210712936
210712946
210712962
210712966
210713039
210713149
210713219
210713363
210713381
210713411
210713458
210713462
210713482
210713491
210713567
210713609
210713746
210713865
210713878
210713928
210714090
210714102
210714112
210714154
210714247
210714258
210714285
210714469
210714581
210714802
210714826
210714931
210715008
210715137
210715140
210715216
210715308
210715411
210715622
210715746
210715762
210715822
210715841
210715873
210716065
210716071
210716084
210716088
210716157
210716159
210716205
210716356
210716357
210716631
210716656
210716727
210716755
210716774
210716968
210717364
210717382
210717441
210717594
210717625
210717711
210717876
210717910
210717997
210718132
210718224
210718262
210718284
210718331
210718427
210718460
210718526
210718567
210718708
210718739
210718749
210718775
210718840
210718870
210718966
210719042
210719225
210719491
210719521
210719539
210719565
210719750
210719775
210719999
210720189
210720198
210720213
210720468
210720522
210720547
210720612
210720697
210720714
210721026
210721146
210721151
210721184
210721242
210721506
210721521
210721616
210721627
210721629
210721708
210721820
210722099
210722115
210722142
210722190
210722280
210722349
210722373
210722397
210722444
210722544
210722592
210722656
210722726
210723124
210723237
210723349
210723512
210723607
210723662
210723754
210723779
210723842
210723926
210724031
210724201
210724243
210724340
210724376
210724441
210724457
210724629
210724670
210724744
210724754
210724826
210724906
210724913
210724929
210724954
210724966
210724982
210725025
210725036
210725060
210725265
210725267
210725284
210725484
210725530
210725583
210725731
210725815
210726083
210726093
210726149
210726299
210726313
210726376
210726518
210726528
210726635
210726712
210726738
210726767
210726802
210726963
210726971
210727048
210727126
210727260
210727282
210727315
210727501
210727532
210727751
210727758
210727805
210727806
210727808
210727904
210727913
210728271
210728384
210728463
210728589
210728608
210728632
210728747
210728865
210728998
210729209
210729422
210729527
210729559
210729629
210729672
210729800
210729895
210729904
210730304
210730552
210730582
210730598
210730713
210730808
210730873
210730901
210731126
210731139
210731150
210731155
210731183
210731260
210731267
210731268
210731335
210731336
210731447
210731481
210731500
210731536
210731765
210731836
210731850
210731902
210731943
210731978
210732099
210732204
210732246
210732584
210732635
210732639
210732670
210732833
210732915
210733029
210733201
210733485
210733652
210733763
210733803
210733863
210733885
210733902
210734074
210734110
210734198
210734294
210734435
210734728
210734852
210734894
210734898
210734940
210735116
210735196
210735213
210735348
210735419
210735547
210735684
210735731
210735750
210735762
210735890
210735959
210736022
210736056
210736105
210736159
210736190
210736198
210736306
210736330
210736363
210736540
210736558
210736615
210736710
210736738
210736843
210736871
210736934
210737027
210737087
210737173
210737234
210737243
210737313
210737354
210737405
210737407
210737431
210737451
210737487
210737656
210737698
210737742
210737818
210737964
210738072
210738081
210738106
210738111
210738114
210738140
210738142
210738239
210738293
210738298
210738474
210738497
210738600
210738663
210738667
210738700
210738779
210738795
210738904
210738975
210739048
210739247
210739278
210739401
210739451
210739651
210739664
210739718
210739728
210739772
210739773
210739795
210739988
210740108
210740473
210740492
210740495
210740650
210740882
210741090
210741229
210741696
210741753
210741768
210741931
210741983
210742063
210742149
210742184
210742249
210742291
210742328
210742420
210742454
210742506
210742513
210742539
210742581
210742585
210742621
210742709
210742761
210742890
210743177
210743223
210743300
210743303
210743325
210743353
210743363
210743416
210743435
210743485
210743495
210743536
210743560
210743562
210743589
210743658
210743670
210743736
210743799
210743877
210743907
210743957
210744061
210744123
210744211
210744336
210744364
210744447
210744478
210744521
210744647
210744664
210744672
210744674
210744693
210744697
210744745
210744875
210744951
210744978
210744990
210744993
210745240
210745267
210745299
210745330
210745345
210745602
210745688
210745783
210745909
210746046
210746164
210746179
210746230
210746240
210746247
210746471
210746534
210746554
210746580
210746672
210746719
210746789
210746852
210746935
210746937
210747042
210747188
210747192
210747299
210747313
210747454
210747503
210747818
210747837
210747932
210747949
210747966
210748054
210748305
210748324
210748444
210748446
210748750
210748807
210748874
210749082
210749084
210749125
210749402
210749415
210749539
210749642
210749680
210749768
210749794
210749827
210749840
210749850
210749928
210749994
210750014
210750103
210750235
210750236
210750315
210750387
210750447
210750472
210750488
210750500
210750573
210750657
210750704
210750828
210750872
210750929
210750933
210750983
210751042
210751054
210751110
210751124
210751234
210751375
210751426
210751518
210751641
210751660
210751725
210751762
210751804
210751895
210751911
210751912
210751938
210751948
210752066
210752255
210752266
210752267
210752296
210752299
210752554
210752627
210752677
210752703
210752725
210752781
210752799
210753033
210753054
210753058
210753069
210753083
210753162
210753206
210753247
210753274
210753429
210753509
210753760
210753778
210753804
210753925
210753975
210753987
210753989
210753999
210754168
210754200
210754254
210754282
210754314
210754517
210754523
210754525
210754617
210754625
210754660
210754703
210754849
210754913
210754949
210755021
210755054
210755146
210755166
210755209
210755379
210755407
210755409
210755470
210755506
210755538
210755778
210755824
210755828
210755922
210755929
210755971
210756174
210756194
210756421
210756446
210756478
210756555
210756629
210756725
210756734
210756808
210756842
210756946
210757023
210757024
210757084
210757182
210757222
210757425
210757662
210757702
210757737
210757811
210757885
210757909
210758008
210758134
210758291
210758326
210758434
210758513
210758574
210758686
210758740
210758742
210758871
210758873
210759143
210759160
210759173
210759191
210759211
210759464
210759500
210759555
210759796
210759817
210759820
210759911
210759991
210760029
210760080
210760105
210760114
210760183
210760411
210760422
210760483
210760762
210760779
210760983
210761025
210761045
210761053
210761060
210761102
210761217
210761221
210761432
210761438
210761526
210761536
210761601
210761622
210761651
210761726
210761901
210761927
210761989
210762062
210762196
210762197
210762390
210762426
210762639
210762704
210762740
210762751
210762764
210762789
210762802
210762846
210762887
210762912
210762951
210763143
210763144
210763163
210763179
210763198
210763441
210763515
210763529
210763589
210763594
210763767
210763795
210763843
210763899
210763921
210763937
210763939
210764038
210764157
210764275
210764297
210764451
210764521
210764529
210764570
210764675
210764876
210765034
210765126
210765142
210765175
210765190
210765239
210765241
210765244
210765270
210765274
210765287
210765407
210765428
210765460
210765489
210765515
210765537
210765589
210765748
210765780
210765795
210765969
210766030
210766035
210766160
210766213
210766253
210766338
210766521
210766572
210766778
210766884
210766927
210766989
210767080
210767177
210767454
210767478
210767541
210767560
210767841
210767881
210767915
210767973
210768011
210768027
210768217
210768231
210768330
210768357
210768360
210768395
210768690
210768757
210769186
210769216
210769298
210769354
210769462
210769618
210769844
210769862
210769872
210769873
210769962
210769977
210770023
210770065
210770079
210770121
210770142
210770192
210770220
210770362
210770625
210770719
210770723
210770743
210770796
210770806
210770855
210770879
210771036
210771281
210771355
210771526
210771577
210771734
210771809
210771878
210771912
210771973
210772181
210772325
210772408
210772416
210772426
210772436
210772891
210773015
210773113
210773213
210773380
210773520
210773524
210773599
210773656
210773750
210773801
210773827
210773838
210774049
210774447
210774558
210774619
210774635
210774732
210774814
210774821
210774846
210774948
210775125
210775183
210775308
210775759
210775797
210775848
210775959
210776031
210776126
210776145
210776277
210776306
210776333
210776482
210776632
210776647
210776746
210776778
210776787
210776793
210776795
210776960
210776967
210776977
210776998
210777311
210777383
210777605
210777722
210777791
210777825
210778048
210778094
210778144
210778222
210778232
210778244
210778331
210778430
210778603
210778818
210778970
210778987
210779120
210779124
210779153
210779159
210779237
210779241
210779405
210779544
210779549
210779603
210779624
210779702
210779727
210779766
210779873
210779883
210779917
210780060
210780111
210780135
210780155
210780195
210780960
210780989
210781067
210781150
210781239
210781395
210781519
210781683
210781722
210781741
210781898
210781946
210781990
210782206
210782325
210783118
210783145
210783194
210783389
210783572
210783600
210783806
210783857
210784090
210784118
210784244
210784253
210784314
210784387
210784464
210784506
210784872
210784966
210784972
210785062
210785070
210785192
210785240
210785616
210785856
210785947
210785948
210786125
210786130
210786134
210786153
210786168
210786256
210786368
210786388
210786416
210786417
210786593
210786730
210786778
210787052
210787100
210787141
210787200
210787307
210787624
210787677
210787730
210787941
210788181
210788242
210788360
210788457
210788617
210788841
210788932
210788985
210788999
210789015
210789047
210789063
210789179
210789294
210789460
210789661
210789868
210789926
210789975
210790040
210790207
210790246
210790466
210790491
210790572
210790624
210790651
210790667
210790671
210790848
210790887
210790944
210790950
210790986
210790990
210790999
210791021
210791216
210791325
210791344
210791358
210792076
210792077
210792113
210792123
210792153
210792235
210792485
210792668
210792731
210792787
210792798
210793057
210793060
210793074
210793246
210793729
210793739
210793800
210793857
210793896
210793913
210793920
210793940
210793964
210793969
210793976
210794167
210794258
210794329
210794621
210794850
210794885
210794889
210795007
210795330
210795579
210795628
210795758
210796117
210796143
210796234
210796268
210796305
210796328
210796674
210796747
210796939
210797022
210797167
210797206
210797271
210797297
210797492
210797638
210797762
210797764
210797769
210797807
210797808
210798047
210798254
210798840
210798903
210799097
210799101
210799359
210799434
210799541
210799583
210799629
210799825
210799893
210799959
210800026
210800075
210800169
210800460
210800597
210800833
210800945
210801166
210801196
210801248
210801273
210801343
210801349
210801536
210801570
210801652
210801744
210801782
210801787
210801840
210801955
210802119
210802208
210802336
210802496
210802552
210802569
210802607
210802674
210802683
210802990
210803372
210803387
210803456
210803459
210803541
210803682
210803700
210803812
210803907
210804032
210804057
210804289
210804294
210804376
210804503
210804537
210804640
210804749
210805029
210805279
210805432
210805443
210805567
210805757
210805901
210806147
210806197
210806246
210806332
210806527
210806611
210806695
210806726
210806753
210806765
210806802
210806924
210807074
210807085
210807191
210807344
210807651
210807786
210807793
210807803
210808028
210808051
210808065
210808290
210808308
210808493
210808674
210808729
210808836
210808909
210809070
210809125
210809158
210809191
210809207
210809246
210809346
210809481
210809570
210809707
210810141
210810145
210810451
210810456
210810480
210810791
210810971
210811016
210811059
210811810
210812005
210812018
210812061
210812500
210812926
210812927
210812955
210813053
210813093
210813135
210813166
210813776
210813854
210813978
210814096
210814114
210814262
210814452
210814811
210814855
210814892
210815035
210815169
210815201
210815262
210815333
210815471
210815554
210815639
210815860
210815912
210816004
210816049
210816085
210816243
210816524
210816657
210816658
210816801
210816888
210816893
210816980
210817015
210817106
210817176
210817218
210817281
210817599
210817816
210817824
210817945
210817946
210818083
210818170
210818286
210818305
210818312
210818448
210818592
210818671
210819089
210819139
210819259
210819515
210819746
210819829
210819890
210819978
210820089
210820332
210820831
210820920
210821018
210821382
210821430
210821484
210821514
210822040
210822049
210822055
210822213
210822529
210822811
210822865
210823023
210823027
210823081
210823096
210823137
210823232
210823795
210823904
210824031
210824075
210824339
210824357
210824375
210824417
210824438
210825213
210825245
210825493
210826023
210826331
210826435
210826491
210826637
210826704
210826756
210826800
210826853
210827040
210827045
210827088
210827723
210828108
210828387
210828814
210829176
210829246
210829260
210829407
210829661
210829916
210830104
210830299
210830338
210830410
210830751
210831071
210831368
210831686
210831890
210832136
210832294
210832611
210832928
210833022
210833049
210833148
210833173
210833430
210833704
210833765
210833806
210833924
210833947
210834028
210834093
210834293
210834300
210834373
210834502
210834598
210834614
210834805
210834809
210834842
210834846
210835075
210835181
210835252
210835417
210835649
210835656
210835778
210835829
210835849
210835995
210836112
210836309
210836521
210836529
210836550
210836618
210836660
210836770
210836897
210837175
210837233
210837312
210837322
210837378
210837411
210837460
210838334
210838472
210838507
210838537
210838866
210838881
210838970
210839311
210839371
210839410
210839443
210839517
210839528
210839583
210839733
210839804
210839932
210839963
210839972
210840053
210840205
210840375
210840439
210840695
210840758
210840904
210841030
210841341
210841665
210841787
210841886
210842013
210842090
210842168
210842295
210842433
210842468
210842555
210842796
210842893
210842908
210842947
210843001
210843079
210843129
210843132
210843214
210843230
210843236
210843244
210843406
210843533
210843674
210843725
210843739
210843815
210844035
210844046
210844313
210844325
210844511
210844895
210844913
210845208
210845470
210845657
210845869
210845917
210846098
210846164
210846412
210846597
210846644
210846742
210846804
210846818
210846873
210847007
210847216
210847389
210847563
210847599
210847715
210847949
210847951
210848114
210848199
210848273
210848323
210848396
210848658
210848772
210848998
210849110
210849152
210849155
210849173
210849200
210849729
210849830
210850118
210850401
210850415
210850434
210850601
210850649
210850656
210850780
210851029
210851181
210851481
210851505
210851535
210851738
210851943
210852423
210852456
210852477
210852571
210852618
210853138
210853223
210853239
210853461
210853495
210853497
210853544
210853604
210853606
210853787
210854050
210854115
210854275
210854283
210854432
210854460
210854497
210854579
210854751
210854880
210855149
210855350
210855382
210855511
210855562
210855601
210855718
210855771
210855784
210855807
210856071
210856207
210856508
210856510
210856559
210856581
210856601
210856625
210856658
210856752
210856856
210857181
210857328
210857364
210857509
210858205
210858375
210858560
210858719
210858767
210858809
210858841
210858911
210858949
210859014
210859443
210859579
210859667
210859795
210859863
210859866
210859963
210860069
210860562
210860697
210861097
210861147
210861320
210861321
210861381
210862064
210862388
210862422
210862540
210862604
210862857
210863038
210863075
210863188
210863229
210863316
210863674
210863738
210863911
210863987
210864648
210864679
210864935
210865128
210865535
210865721
210866059
210866248
210866313
210866350
210866450
210866537
210866544
210866591
210866604
210866612
210866657
210866694
210866707
210866714
210866831
210866850
210867044
210867047
210867049
210867515
210867525
210867620
210867817
210867892
210868280
210868393
210868642
210868974
210869095
210869166
210869266
210869295
210869539
210869583
210869638
210869936
210869954
210870534
210870655
210870657
210870993
210871014
210871118
210871153
210871724
210871829
210871931
210871940
210872316
210872409
210872412
210872597
210872716
210872764
210872849
210872983
210872985
210873190
210873208
210873256
210873639
210873771
210874029
210874072
210874259
210874768
210874775
210874779
210875093
210875338
210875386
210875404
210875450
210875551
210875657
210875955
210876027
210876163
210876235
210876566
210876954
210877308
210877326
210877361
210877714
210877742
210877773
210877899
210878168
210878187
210879127
210879195
210879506
210879793
210879816
210880335
210880372
210880386
210880523
210880796
210881060
210881532
210882062
210882071
210882157
210882273
210882363
210882897
210883161
210883329
210883375
210883417
210883446
210883495
210883527
210883635
210883656
210883661
210884874
210885018
210885138
210885168
210885497
210885615
210885995
210886014
210886234
210886394
210886401
210886456
210886545
210886867
210886931
210887253
210887385
210887434
210887505
210887654
210888074
210888340
210888380
210888778
210888936
210888939
210889123
210889474
210889589
210890552
210890604
210890748
210890824
210890978
210890999
210891082
210891293
210891388
210891488
210891529
210891530
210891600
210891644
210891664
210891775
210891851
210891871
210891929
210891952
210892097
210892129
210892207
210892252
210892292
210892669
210892757
210892831
210892922
210892925
210892948
210893250
210893499
210893528
210893866
210894007
210894431
210894441
210894537
210894616
210894629
210894961
210895009
210895820
210895951
210895970
210896094
210896463
210896480
210896514
210896550
210896658
210896712
210896819
210896953
210897045
210897093
210897246
210897370
210897435
210897476
210897791
210898020
210898034
210898408
210898608
210898639
210898943
210898997
210899248
210899423
210899735
210899883
210900243
210900459
210900532
210900610
210900830
210901070
210901127
210901166
210901232
210901283
210901330
210901494
210901552
210901958
210901978
210901984
210902176
210902489
210902672
210902801
210902826
210902858
210902865
210902925
210903097
210903227
210903662
210903817
210903901
210904018
210904592
210904771
210904815
210904850
210905120
210905243
210905250
210905495
210905687
210906033
210906085
210906118
210906199
210906214
210906219
210906231
210906299
210906488
210906859
210907176
210907414
210907632
210907759
210907827
210907840
210907884
210907945
210908248
210908565
210908968
210909466
210909681
210909958
210910007
210910056
210910292
210910363
210910422
210910448
210910514
210910779
210911018
210911177
210911361
210911896
210911989
210912007
210912022
210912089
210912141
210912170
210912259
210912314
210912439
210912895
210912964
210913519
210913736
210913766
210914077
210914118
210914139
210914391
210914406
210914422
210914552
210914569
210914581
210914639
210914767
210914991
210915340
210915366
210915493
210915562
210915682
210916278
210916514
210916615
210916726
210916742
210916788
210917018
210917176
210917224
210917400
210917449
210917780
210917908
210918004
210918033
210918149
210918243
210919012
210919071
210919081
210919313
210919429
210919689
210919729
210919799
210919909
210919936
210920153
210920251
210920803
210921317
210921496
210921996
210922050
210922051
210922109
210922111
210922132
210922169
210922262
210922311
210922409
210922696
210922778
210923075
210923242
210923256
210923365
210923557
210923855
210923951
210924091
210924301
210924530
210924616
210924645
210924845
210924907
210924922
210924946
210924994
210925102
210925193
210925331
210925338
210925410
210925427
210925598
210925868
210926171
210926374
210926788
210926887
210926922
210926943
210927045
210927165
210927196
210927202
210927279
210927336
210927594
210927608
210927645
210927700
210927895
210927983
210927996
210928008
210928123
210928360
210928394
210928564
210928599
210928647
210928949
210928970
210929195
210929358
210929435
210929597
210929758
210929775
210929832
210929976
210929978
210930523
210930543
210930847
210930903
210931134
210931365
210931413
210931514
210931786
210931894
210932021
210932107
210932145
210932215
210932477
210932547
210932659
210932721
210932798
210932935
210932958
210932970
210933011
210933101
210933170
210933183
210933222
210933236
210933299
210933326
210933411
210933637
210933788
210933818
210933849
210934164
210934473
210934478
210934972
210935032
210935089
210935113
210935262
210935263
210935378
210935402
210935409
210935411
210935548
210935909
210935977
210936045
210936069
210936209
210936602
210936682
210936747
210936854
210937267
210937535
210937628
210937722
210937757
210937780
210937794
210937858
210937909
210937941
210938125
210938248
210938279
210938312
210938398
210938523
210938540
210938554
210938605
210938640
210938712
210938726
210938746
210938914
210938993
210939022
210939052
210939238
210939259
210939388
210939651
210939853
210939916
210940129
210940187
210940197
210940252
210940287
210940412
210940698
210940783
210940882
210941072
210941329
210941338
210941494
210941673
210941725
210942057
210942154
210942174
210942176
210942201
210942335
210942388
210942519
210942553
210942580
210942638
210942697
210942749
210942767
210942935
210942950
210942953
210943044
210943226
210943337
210943357
210943363
210943393
210943468
210943549
210943628
210943715
210943986
210944050
210944219
210944255
210944293
210944324
210944332
210944341
210944494
210944512
210944565
210944661
210944758
210944958
210945015
210945048
210945074
210945126
210945161
210945320
210945360
210945383
210945444
210945565
210945678
210945680
210945786
210945856
210945938
210946230
210946327
210946412
210946493
210946513
210946736
210946752
210946774
210946864
210946926
210947240
210947279
210947830
210948000
210948037
210948075
210948281
210948409
210948411
210948490
210948504
210948523
210948625
210948670
210948777
210948800
210948870
210948892
210948979
210949113
210949142
210949145
210949273
210949562
210949625
210949644
210949782
210949786
210949909
210949958
210950157
210950170
210950298
210950389
210950553
210950922
210951230
210951256
210951353
210951422
210951508
210951530
210951682
210951696
210951833
210951906
210951919
210951937
210952018
210952029
210952298
210952545
210952603
210952667
210952732
210952797
210952848
210952895
210953062
210953432
210953493
210953507
210953527
210953558
210953559
210953724
210953848
210953866
210953885
210953896
210953918
210954006
210954106
210954195
210954208
210954223
210954252
210954280
210954329
210954402
210954411
210954438
210954502
210954757
210954835
210954869
210954875
210954915
210955021
210955024
210955189
210955267
210955387
210955555
210955777
210956175
210956190
210956268
210956372
210956637
210956759
210956778
210956826
210956858
210957037
210957060
210957162
210957306
210957318
210957489
210957676
210957716
210957837
210957850
210957966
210958301
210958351
210958432
210958453
210958455
210958519
210958531
210958588
210959085
210959128
210959180
210959284
210959360
210959441
210959491
210959691
210959760
210959946
210960290
210960340
210960413
210960416
210960616
210960667
210960744
210960788
210960904
210961106
210961138
210961444
210961476
210961518
210961557
210961657
210961940
210962044
210962080
210962138
210962215
210962296
210962396
210962608
210962821
210962911
210963066
210963122
210963144
210963267
210963423
210963597
210963642
210963676
210963715
210963768
210963854
210963882
210964043
210964063
210964089
210964093
210964145
210964181
210964182
210964336
210964459
210964488
210964512
210964540
210964557
210964877
210965069
210965213
210965253
210965458
210965492
210965498
210965505
210965615
210965666
210966043
210966147
210966184
210966253
210966356
210966371
210966398
210966420
210966449
210966527
210966563
210966668
210966671
210966768
210966863
210966949
210966965
210967019
210967117
210967197
210967369
210967401
210967410
210967433
210967530
210967562
210967811
210967844
210967871
210967879
210967920
210967940
210967971
210968085
210968089
210968143
210968370
210968459
210968816
210968818
210968957
210969237
210969246
210969283
210969303
210969332
210969502
210969551
210969706
210969762
210969968
210969984
210970173
210970195
210970215
210970230
210970269
210970373
210970475
210970496
210970666
210970731
210970991
210971133
210971138
210971266
210971338
210971470
210971569
210971697
210971726
210971783
210972094
210972132
210972218
210972331
210972359
210972368
210972429
210972482
210972551
210972566
210972752
210972857
210972864
210972941
210972945
210972964
210973080
210973085
210973294
210973308
210973557
210973573
210973610
210973623
210974027
210974053
210974264
210974292
210974451
210974526
210974533
210974556
210974787
210974815
210974817
210974826
210975104
210975119
210975261
210975308
210975523
210975671
210975740
210975848
210975859
210976116
210976135
210976157
210976203
210976212
210976220
210976303
210976319
210976470
210976544
210976554
210976647
210976690
210976727
210976730
210976766
210976833
210976916
210976935
210977106
210977190
210977191
210977245
210977306
210977307
210977331
210977388
210977518
210977788
210977907
210977945
210977962
210978240
210978305
210978317
210978399
210978458
210978575
210978635
210978646
210978695
210978791
210978930
210978953
210979036
210979052
210979163
210979226
210979359
210979401
210979453
210979475
210979486
210979553
210979555
210979609
210979763
210979821
210979882
210980097
210980174
210980246
210980527
210980549
210980700
210980849
210980958
210981137
210981147
210981203
210981231
210981248
210981288
210981495
210981507
210981512
210981622
210981835
210981854
210982048
210982106
210982152
210982230
210982278
210982306
210982320
210982337
210982421
210982602
210982637
210982807
210982869
210982900
210982930
210982966
210983090
210983095
210983112
210983331
210983566
210983572
210983895
210983924
210983987
210984065
210984191
210984303
210984356
210984362
210984420
210984536
210984542
210984549
210984809
210984825
210984858
210984874
210984909
210984956
210985149
210985159
210985346
210985383
210985464
210985583
210985681
210985995
210986061
210986109
210986186
210986372
210986411
210986433
210986459
210986557
210986567
210986707
210986814
210986870
210986942
210987061
210987432
210987457
210987479
210987586
210987664
210987741
210987753
210987786
210988007
210988075
210988088
210988208
210988297
210988325
210988369
210988441
210988480
210988538
210988540
210988635
210988752
210988813
210988901
210989045
210989061
210989073
210989080
210989127
210989134
210989141
210989213
210989379
210989380
210989414
210989457
210989683
210989690
210989751
210989775
210989786
210989918
210989982
210990028
210990151
210990332
210990346
210990503
210990579
210990603
210990622
210990650
210990725
210990773
210990799
210990934
210991002
210991063
210991138
210991197
210991216
210991241
210991441
210991465
210991512
210991530
210991533
210991626
210991729
210991798
210991838
210991891
210991949
210991971
210992005
210992120
210992131
210992147
210992172
210992190
210992274
210992518
210992612
210992709
210992791
210992804
210992839
210992869
210992870
210992880
210992913
210992914
210993043
210993240
210993252
210993392
210993485
210993607
210993645
210993752
210993780
210993968
210993986
210994059
210994135
210994141
210994193
210994199
210994425
210994476
210994482
210994663
210994837
210994964
210994972
210995017
210995047
210995118
210995121
210995264
210995345
210995438
210995450
210995528
210995637
210995638
210995881
210995937
210996001
210996061
210996243
210996272
210996299
210996662
210996683
210996822
210996830
210996928
210996988
210997036
210997063
210997068
210997109
210997113
210997155
210997205
210997273
210997579
210997790
210997871
210997927
210997959
210998001
210998086
210998297
210998450
210998451
210998473
210998540
210998612
210998636
210998848
210999101
210999133
210999241
210999386
210999590
210999684
210999738
210999766
211000030
211000034
211000061
211000096
211000225
211000290
211000308
211000366
211000443
211000547
211000571
211000654
211000846
211000853
211000870
211000887
211000891
211000908
211000923
211000941
211000960
211001065
211001078
211001137
211001248
211001276
211001278
211001589
211001618
211001764
211001810
211001845
211001978
211001989
211002055
211002091
211002197
211002233
211002248
211002341
211002456
211002457
211002561
211002562
211002606
211002807
211002810
211002857
211002861
211002985
211003132
211003188
211003287
211003335
211003407
211003451
211003469
211003632
211003659
211003721
211003789
211003842
211003851
211003857
211004123
211004151
211004163
211004179
211004251
211004263
211004323
211004406
211004526
211004567
211004577
211004652
211004736
211004751
211004779
211004869
211005082
211005084
211005163
211005192
211005216
211005268
211005328
211005441
211005471
211005559
211005603
211005737
211005912
211005922
211005967
211006096
211006108
211006240
211006241
211006328
211006411
211006640
211006928
211006936
211006944
211006983
211007002
211007016
211007039
211007208
211007250
211007288
211007423
211007611
211007636
211007660
211007672
211007847
211007856
211007887
211007911
211007942
211007948
211007989
211008109
211008133
211008148
211008149
211008206
211008367
211008375
211008377
211008394
211008434
211008530
211008552
211008571
211008573
211008621
211008642
211008736
211008743
211008758
211008876
211008991
211009011
211009028
211009118
211009170
211009186
211009270
211009320
211009329
211009489
211009577
211009685
211009722
211009778
211009794
211009973
211009985
211010117
211010119
211010150
211010235
211010255
211010291
211010294
211010296
211010311
211010453
211010517
211010623
211010760
211010779
211010792
211010807
211010818
211010922
211010958
211010970
211011089
211011133
211011224
211011290
211011313
211011317
211011563
211011618
211011736
211011762
211011843
211011982
211012188
211012213
211012295
211012381
211012427
211012471
211012490
211012738
211012780
211012825
211012843
211012996
211013004
211013018
211013077
211013096
211013191
211013208
211013219
211013256
211013260
211013321
211013363
211013364
211013545
211013581
211013615
211013626
211013627
211013700
211013708
211013838
211013857
211013858
211013906
211014043
211014047
211014116
211014211
211014232
211014250
211014373
211014376
211014550
211014674
211014788
211014797
211014809
211014829
211014841
211014845
211014937
211014992
211015227
211015239
211015374
211015471
211015502
211015590
211015832
211015890
211015916
211016023
211016287
211016654
211016657
211016698
211016731
211016796
211016895
211016972
211017006
211017043
211017076
211017169
211017191
211017322
211017354
211017407
211017496
211017733
211017850
211018093
211018096
211018196
211018200
211018349
211018587
211018629
211018641
211018644
211018695
211018711
211018862
211019012
211019056
211019108
211019218
211019322
211019357
211019359
211019454
211019491
211019492
211019536
211019699
211019766
211019823
211020039
211020071
211020163
211020207
211020217
211020310
211020353
211020358
211020391
211020451
211020453
211020542
211020564
211020662
211020824
211020925
211020929
211020985
211021083
211021124
211021184
211021191
211021223
211021238
211021344
211021506
211021538
211021729
211021753
211022134
211022169
211022228
211022288
211022299
211022524
211022565
211022583
211022665
211022707
211023068
211023120
211023140
211023239
211023311
211023324
211023356
211023394
211023408
211023413
211023486
211023591
211023597
211023618
211023631
211023718
211023740
211023763
211023852
211023858
211023868
211024141
211024404
211024440
211024499
211024619
211024665
211024738
211024750
211024821
211024873
211024888
211024942
211025018
211025158
211025254
211025392
211025410
211025413
211025541
211025567
211025623
211025779
211025888
211025922
211025987
211026028
211026043
211026181
211026283
211026290
211026389
211026454
211026474
211026485
211026586
211026618
211026910
211026972
211027094
211027102
211027239
211027306
211027475
211027491
211027527
211027550
211027563
211027573
211027758
211027914
211028043
211028083
211028091
211028258
211028263
211028271
211028296
211028303
211028311
211028313
211028347
211028385
211028458
211028483
211028585
211028603
211028800
211028812
211028836
211028897
211029040
211029045
211029135
211029170
211029254
211029337
211029347
211029384
211029416
211029507
211029542
211029632
211029669
211029688
211029757
211029796
211029816
211029838
211029903
211029993
211030000
211030088
211030109
211030143
211030226
211030306
211030421
211030469
211030515
211030516
211030535
211030541
211030627
211030670
211030687
211030698
211030951
211030980
211031169
211031206
211031225
211031367
211031380
211031487
211031509
211031580
211031854
211031954
211032070
211032165
211032220
211032283
211032307
211032368
211032385
211032402
211032425
211032476
211032512
211032633
211032899
211032907
211032942
211032950
211033067
211033116
211033148
211033241
211033299
211033328
211033431
211033444
211033461
211033629
211033707
211033726
211033848
211034073
211034119
211034132
211034204
211034232
211034305
211034379
211034480
211034509
211034594
211034635
211034797
211034857
211034894
211034965
211035145
211035187
211035257
211035344
211035500
211035506
211035615
211035678
211035718
211035759
211035851
211035964
211035987
211036073
211036110
211036145
211036263
211036481
211036568
211036618
211036655
211036854
211036898
211036927
211037003
211037041
211037066
211037075
211037169
211037203
211037211
211037321
211037347
211037397
211037417
211037427
211037451
211037454
211037459
211037532
211037727
211037751
211037863
211037886
211037894
211037987
211037991
211038065
211038095
211038138
211038197
211038222
211038338
211038382
211038408
211038472
211038482
211038631
211038675
211038718
211038765
211038772
211038807
211038840
211038845
211038856
211038882
211038935
211038955
211039004
211039167
211039231
211039405
211039603
211039697
211039728
211039744
211039787
211039833
211039964
211040209
211040322
211040510
211040633
211040713
211040717
211040729
211040751
211040823
211040918
211040935
211041031
211041105
211041286
211041334
211041526
211041613
211041633
211041649
211041722
211041730
211041753
211041855
211041965
211041974
211042018
211042023
211042084
211042100
211042131
211042170
211042246
211042645
211042712
211042754
211042830
211042941
211043042
211043065
211043219
211043262
211043386
211043418
211043427
211043594
211043616
211043624
211043638
211043645
211043772
211043845
211044019
211044267
211044286
211044297
211044452
211044466
211044582
211044588
211044599
211044771
211044939
211045112
211045231
211045317
211045382
211045445
211045450
211045468
211045621
211045689
211045868
211045875
211045893
211045908
211045999
211046057
211046089
211046247
211046293
211046338
211046342
211046387
211046433
211046500
211046532
211046579
211046820
211046868
211046885
211046994
211047147
211047173
211047202
211047313
211047338
211047375
211047391
211047412
211047546
211047822
211048055
211048081
211048197
211048254
211048311
211048321
211048419
211048764
211048839
211048942
211048946
211048963
211048993
211049022
211049042
211049154
211049161
211049179
211049182
211049309
211049345
211049366
211049379
211049382
211049408
211049436
211049526
211049590
211049601
211049622
211049694
211050013
211050068
211050205
211050304
211050361
211050402
211050441
211050453
211050458
211050523
211050609
211050630
211050638
211050933
211051311
211051320
211051390
211051435
211051439
211051469
211051487
211051521
211051664
211051709
211051770
211051964
211051985
211052343
211052416
211052516
211052521
211052748
211052796
211052844
211053031
211053033
211053073
211053081
211053136
211053232
211053253
211053329
211053345
211053406
211053560
211053637
211053667
211053794
211053851
211053988
211053996
211054176
211054206
211054345
211054409
211054435
211054460
211054486
211054488
211054599
211054634
211054925
211054989
211055114
211055134
211055135
211055290
211055359
211055416
211055493
211055644
211055718
211055736
211055772
211055838
211056039
211056053
211056080
211056173
211056180
211056194
211056272
211056316
211056320
211056357
211056396
211056415
211056462
211056496
211056558
211056608
211056628
211056738
211056798
211056809
211056846
211056856
211056860
211056973
211057033
211057040
211057042
211057064
211057160
211057388
211057434
211057609
211057685
211057696
211057712
211057719
211057785
211057798
211057879
211058117
211058352
211058380
211058495
211058610
211058614
211058698
211058748
211058754
211058794
211058796
211058801
211058914
211058925
211059010
211059054
211059229
211059577
211059688
211059734
211059897
211059981
211060020
211060365
211060740
211060760
211060825
211060936
211061168
211061207
211061216
211061313
211061435
211061474
211061504
211061548
211061560
211061720
211061798
211061909
211062007
211062382
211062438
211062538
211062543
211062589
211062604
211062610
211062752
211062808
211062937
211062966
211063069
211063262
211063335
211063411
211063654
211063660
211063789
211063859
211063935
211063964
211063983
211064167
211064205
211064362
211064544
211064559
211064704
211064722
211064864
211064956
211064985
211065141
211065149
211065529
211065562
211065638
211065675
211065715
211065784
211065808
211065899
211065960
211066030
211066062
211066094
211066157
211066181
211066253
211066451
211066458
211066469
211066615
211066835
211067096
211067166
211067418
211067472
211067525
211067590
211067593
211067769
211067809
211067925
211067949
211067990
211068177
211068207
211068230
211068337
211068356
211068423
211068507
211068569
211068640
211068685
211068713
211068748
211068812
211068851
211069027
211069034
211069099
211069128
211069316
211069512
211069539
211069596
211069605
211069628
211070016
211070034
211070231
211070349
211070358
211070372
211070428
211070572
211070577
211070664
211070674
211070801
211071015
211071062
211071256
211071486
211071541
211071563
211071578
211071678
211071827
211071862
211071869
211071899
211071954
211071959
211072032
211072156
211072160
211072161
211072209
211072389
211072410
211072441
211072451
211072624
211072696
211072723
211072835
211072836
211072855
211073069
211073154
211073206
211073249
211073382
211073442
211073549
211073598
211073835
211073953
211074047
211074282
211074491
211074500
211074665
211074757
211074799
211074905
211075116
211075139
211075425
211075511
211075635
211075637
211075777
211075893
211075914
211075920
211075945
211075980
211075982
211076026
211076042
211076236
211076244
211076361
211076391
211076425
211076441
211076454
211076466
211076500
211076532
211076722
211076761
211077080
211077084
211077201
211077253
211077422
211077433
211077494
211077564
211077607
211077682
211077695
211077700
211077709
211077833
211077874
211078009
211078038
211078074
211078141
211078219
211078249
211078274
211078329
211078380
211078384
211078498
211078624
211078698
211078779
211078923
211079003
211079023
211079079
211079138
211079163
211079188
211079310
211079338
211079480
211079565
211079676
211079719
211079879
211079906
211079943
211079987
211080124
211080189
211080216
211080227
211080301
211080435
211080484
211080518
211080578
211080595
211080661
211080821
211080847
211080862
211080885
211080974
211080990
211081132
211081236
211081241
211081345
211081393
211081449
211081477
211081742
211081952
211082013
211082185
211082294
211082317
211082318
211082394
211082420
211082457
211082469
211082573
211082656
211082710
211082753
211082773
211082873
211083040
211083084
211083233
211083343
211083442
211083494
211083629
211083639
211083805
211083878
211083958
211084002
211084005
211084085
211084090
211084109
211084151
211084208
211084269
211084537
211084547
211084704
211084716
211084745
211084749
211085025
211085035
211085086
211085176
211085363
211085367
211085436
211085527
211085535
211085538
211085541
211085606
211085746
211085907
211085922
211085967
211086019
211086138
211086163
211086195
211086257
211086334
211086480
211086613
211086677
211086701
211086971
211087023
211087128
211087129
211087131
211087141
211087171
211087331
211087482
211087559
211087650
211087710
211087729
211087906
211087911
211087988
211088007
211088075
211088125
211088144
211088357
211088413
211088423
211088524
211088648
211088658
211088664
211088740
211088772
211088777
211088806
211088817
211089031
211089063
211089267
211089283
211089323
211089348
211089419
211089561
211089624
211089666
211089709
211089723
211089771
211089826
211089919
211089947
211090001
211090031
211090046
211090133
211090440
211090487
211090616
211090630
211090675
211090715
211090866
211090874
211090879
211090894
211090906
211090981
211091140
211091190
211091414
211091443
211091449
211091492
211091623
211091727
211091743
211091759
211091993
211092077
211092204
211092244
211092297
211092367
211092391
211092932
211093098
211093180
211093202
211093211
211093291
211093397
211093467
211093656
211093705
211093928
211093950
211094070
211094096
211094364
211094384
211094418
211094511
211094556
211094641
211094891
211095070
211095088
211095095
211095190
211095222
211095270
211095293
211095344
211095346
211095365
211095577
211095624
211095723
211095817
211095832
211096066
211096080
211096162
211096281
211096282
211096291
211096367
211096542
211096625
211096754
211096894
211097223
211097342
211097388
211097509
211097541
211097575
211097686
211097828
211097829
211097846
211097879
211097914
211097941
211097950
211098117
211098261
211098514
211098697
211098907
211099045
211099217
211099475
211099500
211099592
211099827
211099886
211099910
211100071
211100131
211100151
211100192
211100212
211100400
211100701
211100727
211100869
211100966
211101036
211101038
211101052
211101058
211101230
211101249
211101694
211101718
211101750
211101996
211102053
211102361
211102386
211102389
211102475
211102496
211102625
211102761
211102779
211102808
211102810
211103078
211103298
211103504
211103587
211103589
211103721
211103788
211103923
211103969
211103985
211104076
211104116
211104120
211104200
211104243
211104535
211104614
211104616
211104755
211104928
211105228
211105310
211105577
211105604
211105661
211105698
211105771
211105780
211105906
211106023
211106063
211106142
211106187
211106535
211106542
211106636
211106709
211107011
211107075
211107103
211107120
211107264
211107317
211107496
211107703
211107958
211108018
211108075
211108321
211108433
211108520
211108524
211108599
211108757
211108914
211108950
211109042
211109235
211109245
211109253
211109268
211109320
211109428
211109977
211109987
211110004
211110086
211110094
211110133
211110340
211110418
211110982
211111302
211111473
211111489
211111492
211111597
211111611
211111655
211111777
211111782
211112126
211112232
211112392
211112635
211112738
211112749
211112828
211112836
211112990
211113061
211113335
211113489
211113531
211113681
211113811
211113976
211114069
211114099
211114129
211114232
211114244
211114388
211114429
211114537
211114579
211114754
211114787
211114816
211114832
211114876
211114985
211115020
211115042
211115160
211115421
211115428
211115596
211115721
211115724
211115725
211115759
211115768
211115781
211115870
211115970
211116178
211116571
211116576
211116917
211116936
211116993
211117115
211117282
211117451
211117542
211117546
211117691
211117780
211117836
211118126
211118187
211118225
211118283
211118337
211118675
211118947
211119044
211119238
211119302
211119562
211119671
211119797
211119845
211120115
211120167
211120334
211120348
211120390
211120428
211120536
211120647
211120664
211120842
211120976
211121035
211121049
211121164
211121310
211121715
211121734
211121743
211122178
211122242
211122284
211122419
211122782
211123013
211123043
211123165
211123454
211123490
211123587
211123588
211123625
211123894
211124025
211124027
211124159
211124420
211124543
211124613
211124981
211125102
211125240
211125284
211125590
211125662
211125729
211125777
211125862
211125956
211126007
211126230
211126310
211126353
211126549
211126898
211126936
211127063
211127111
211127230
211127310
211127729
211127781
211127791
211127904
211128116
211128522
211128670
211128766
211128794
211129092
211129246
211129306
211129445
211129571
211129711
211129795
211129911
211129946
211130030
211130142
211130173
211130310
211130525
211130574
211130642
211130952
211130972
211131022
211131086
211131262
211131438
211131584
211131711
211131724
211132032
211132038
211132057
211132121
211132194
211132256
211132306
211132381
211132585
211132734
211132831
211133436
211133502
211133550
211134232
211134309
211134660
211134919
211135023
211135025
211135159
211135324
211135356
211135375
211135437
211135624
211136007
211136048
211136549
211136699
211136882
211137109
211137412
211137492
211137540
211137552
211137680
211137930
211137945
211138305
211138360
211138537
211138539
211138722
211138905
211138940
211139039
211139368
211139592
211139595
211139604
211139818
211139984
211140122
211140209
211140244
211140521
211140816
211140836
211140929
211141256
211141615
211141738
211141791
211141798
211141843
211141861
211141957
211142025
211142096
211142460
211142564
211142694
211142730
211142831
211142916
211142917
211142920
211143318
211143325
211143688
211143712
211143714
211143760
211143840
211144067
211144117
211144341
211144426
211144496
211144758
211144957
211145442
211145558
211145766
211145949
211146507
211146607
211146641
211146760
211146959
211146978
211147068
211147080
211147624
211147627
211148103
211148154
211148156
211148553
211148591
211148601
211149000
211149037
211149193
211149785
211149838
211150078
211150126
211150297
211150428
211150539
211150555
211150590
211151320
211151335
211151349
211151436
211151977
211152184
211152266
211152395
211152484
211152541
211152695
211152719
211152884
211152948
211153423
211153583
211153864
211154018
211154258
211155318
211155479
211155600
211155826
211155915
211155977
211156177
211156732
211157068
211157277
211157387
211158189
211158381
211158477
211158510
211158590
211158637
211158807
211158825
211158920
211159298
211159315
211159560
211159630
211159789
211160016
211160118
211160430
211160547
211160711
211160943
211160997
211161123
211161133
211161378
211161559
211161932
211162008
211162066
211162075
211162249
211162256
211162385
211162820
211162970
211162972
211163216
211163262
211163318
211163406
211164121
211164209
211164318
211164578
211165220
211165265
211165285
211165691
211165857
211165958
211166060
211166114
211166303
211166778
211166787
211167381
211167551
211167626
211168376
211168709
211168863
211168968
211169214
211169549
211169782
211169908
211170325
211170906
211171268
211171281
211171549
211171849
211172182
211172253
211172381
211172597
211172870
211172879
211173014
211173035
211174502
211174582
211174821
211175016
211175110
211175910
211176345
211177100
211177154
211177223
211177357
211177647
211178128
211178851
211178893
211179603
211180726
211180793
211181316
211182098
211182451
211182668
211182851
211183537
211183595
211183824
211184990
211185399
211185669
211185760
211185773
211186584
211186741
211187012
211187428
211188567
211189043
211189220
211189273
211189643
211190131
211190787
211191164
211192084
211192286
211194459
211194494
211196029
211197333
211197900
211198161
211199931
211202722
211203438
211203556
