210304352
210307350
210307378
210309091
210309341
210310009
210311067
210312506
210312900
210312949
210312956
210314440
210314854
210316476
210316742
210317378
210317526
210317585
210317628
210318238
210318725
210319059
210319653
210320522
210321100
210321165
210321339
210322064
210322477
210322499
210322534
210322796
210323006
210323198
210323212
210323331
210323797
210324150
210324165
210324184
210324198
210324926
210325424
210326245
210326405
210326681
210326784
210326969
210327060
210327399
210327910
210328077
210328532
210328701
210328949
210329073
210329155
210329670
210329876
210331185
210331421
210331765
210331848
210331908
210332019
210332036
210332059
210332154
210332895
210333193
210333258
210333335
210333478
210333653
210333713
210334087
210335311
210335394
210335514
210335803
210336286
210336461
210337288
210337961
210338097
210338118
210338347
210338390
210338416
210338525
210338796
210338993
210339733
210339837
210340480
210340693
210341214
210341241
210342263
210342315
210342593
210343180
210343450
210343755
210343769
210343935
210343963
210344053
210344106
210344166
210344703
210344877
210345150
210345296
210345523
210345602
210345645
210345650
210345753
210346038
210346126
210346328
210347149
210347334
210347399
210347498
210347587
210347612
210347660
210348052
210348109
210348194
210348659
210348854
210349156
210349188
210349206
210349237
210349268
210349414
210349518
210349744
210349838
210349873
210350167
210350168
210350446
210350562
210351176
210351536
210351746
210351800
210351924
210352052
210352357
210353030
210353184
210353211
210353386
210353444
210353740
210353859
210353939
210353952
210354103
210354201
210354368
210354399
210354643
210354789
210354910
210355220
210355311
210355363
210355372
210355410
210355435
210355498
210355538
210355746
210355820
210355954
210355970
210356093
210356147
210356154
210356407
210356425
210356639
210356674
210356961
210357078
210357282
210357284
210357460
210357660
210357707
210357751
210358034
210358075
210358086
210358104
210358349
210358583
210358662
210358828
210358951
210359088
210359101
210359394
210359469
210359722
210359769
210360000
210360013
210360910
210360979
210361122
210361160
210361187
210361245
210361325
210361663
210361901
210362003
210362013
210362220
210362393
210362689
210362756
210362767
210362818
210362829
210362936
210363145
210363545
210363615
210363821
210364509
210364602
210364610
210364622
210364896
210365118
210365286
210365481
210365511
210365514
210365611
210365718
210365771
210365922
210366107
210366266
210366324
210366338
210366357
210366358
210366367
210366761
210366776
210366991
210367072
210367122
210367184
210367238
210367469
210367599
210367639
210367912
210367940
210367977
210368367
210368390
210368430
210368520
210368716
210368960
210369155
210369163
210369231
210369347
210369431
210369930
210370088
210370134
210370150
210370249
210370784
210371269
210371471
210371702
210371890
210371894
210371998
210372080
210372242
210372276
210372486
210372527
210372619
210372654
210372741
210372860
210372872
210372960
210373178
210373234
210373325
210373873
210373887
210374240
210374285
210374294
210374620
210374659
210374729
210374847
210375375
210375697
210375985
210376024
210376030
210376036
210376318
210376335
210376462
210376588
210376663
210376917
210376983
210377497
210378032
210378120
210378231
210378869
210378951
210379010
210379141
210379304
210379470
210379521
210379604
210379909
210380085
210380628
210380696
210381053
210381178
210381185
210381464
210381646
210382199
210382206
210382254
210382274
210382275
210382434
210382628
210382657
210382799
210382902
210382967
210383009
210383030
210383058
210383410
210383479
210383892
210384032
210384074
210384135
210384417
210384836
210385468
210385677
210385788
210385888
210385903
210386017
210386124
210386456
210386471
210386559
210386601
210386706
210386794
210386971
210387006
210387792
210387836
210387914
210388197
210388266
210388321
210388361
210388379
210388426
210388455
210388469
210388524
210388529
210388702
210388833
210388960
210389266
210389274
210389575
210389924
210390110
210390334
210390373
210390391
210390397
210390449
210390644
210390678
210390825
210390866
210391276
210391291
210391399
210391498
210391723
210391786
210392472
210392666
210392690
210392789
210392810
210392826
210393207
210393283
210393418
210393419
210393530
210393535
210393701
210393784
210393838
210393892
210394150
210394189
210394263
210394365
210394390
210394641
210394706
210394761
210394942
210395123
210395157
210395267
210395301
210395302
210395357
210395468
210395515
210395529
210395699
210395735
210395810
210395840
210395935
210396151
210396199
210396467
210397034
210397036
210397161
210397329
210397424
210398007
210398038
210398074
210398294
210398311
210398331
210398337
210398369
210398385
210398513
210398519
210398806
210398968
210398984
210399062
210399117
210399137
210399309
210400067
210400221
210400570
210400574
210400601
210400694
210400735
210400862
210400897
210400927
210401037
210401066
210401147
210401167
210401186
210401193
210401221
210401376
210401454
210401472
210401900
210401961
210402066
210402122
210402237
210402403
210402441
210402632
210402685
210402751
210402881
210402984
210403090
210403203
210403274
210403550
210403574
210403748
210403955
210404083
210404097
210404194
210404311
210404965
210405044
210405076
210405520
210405752
210406141
210406234
210406314
210406527
210406529
210406565
210406779
210406783
210406965
210406991
210407041
210407066
210407071
210407135
210407190
210407362
210407396
210407493
210407617
210407893
210407916
210408161
210408195
210408403
210408447
210408563
210408565
210408943
210408945
210409141
210409332
210409512
210409782
210409824
210410141
210410150
210410467
210410490
210410702
210410781
210410809
210410818
210410854
210410871
210410984
210411019
210411271
210411418
210411471
210411583
210411616
210411661
210411808
210411836
210412074
210412146
210412162
210412228
210412318
210412502
210412554
210412641
210412853
210413017
210413099
210413144
210413300
210413769
210413787
210413879
210413979
210413995
210414096
210414696
210414779
210414860
210415027
210415192
210415570
210415950
210416145
210416252
210416474
210416662
210416676
210416759
210416818
210416824
210416836
210417498
210417521
210417658
210417765
210417900
210418201
210418253
210418471
210418633
210418928
210419343
210419348
210419412
210419493
210419569
210419589
210419966
210420067
210420217
210420252
210420278
210420287
210420318
210420328
210420401
210420524
210420600
210420672
210420801
210420817
210420962
210421133
210421289
210421333
210421451
210421536
210421654
210421801
210421873
210421909
210422047
210422085
210422154
210422158
210422541
210422573
210422778
210422986
210423122
210423132
210423307
210423467
210423623
210423815
210423848
210423938
210424026
210424084
210424207
210424208
210424226
210424313
210424464
210424553
210424595
210424618
210424691
210424692
210424774
210424862
210425195
210425208
210425298
210425358
210425498
210425550
210425582
210425841
210425847
210425868
210425936
210426002
210426033
210426185
210426310
210426409
210426515
210426640
210426685
210426688
210426692
210427204
210427238
210427278
210427285
210427333
210427439
210427477
210427613
210427629
210427671
210427850
210427928
210427931
210428151
210428156
210428466
210428497
210428684
210428765
210428847
210428972
210429020
210429060
210429075
210429153
210429300
210429336
210429417
210429591
210429969
210430671
210431015
210431035
210431149
210431204
210431294
210431430
210431592
210431604
210431624
210431651
210432080
210432218
210432248
210432369
210432388
210432498
210432517
210432630
210432684
210432795
210432802
210432807
210432817
210432862
210432874
210432951
210432969
210433082
210433189
210433289
210433327
210433331
210433360
210433394
210433760
210433805
210433953
210433960
210433982
210434273
210434334
210434433
210434442
210434470
210434629
210434654
210434734
210434769
210434816
210434940
210434976
210435076
210435125
210435394
210435500
210435620
210435673
210436274
210436303
210436506
210436641
210437025
210437370
210437497
210437621
210437729
210437747
210437808
210437844
210438089
210438182
210438256
210438413
210438594
210438688
210438780
210438802
210438876
210439048
210439182
210439213
210439275
210439350
210439387
210439493
210439538
210439646
210439810
210439910
210439950
210440026
210440092
210440093
210440131
210440149
210440232
210440696
210440845
210440981
210440988
210441020
210441059
210441132
210441221
210441301
210441393
210441449
210441595
210441675
210441683
210441690
210441729
210441768
210441811
210441848
210442100
210442126
210442158
210442408
210442788
210442867
210443044
210443211
210443448
210443572
210443652
210443703
210443753
210444063
210444107
210444246
210444262
210444341
210444492
210444512
210444738
210444795
210444801
210444916
210444943
210445455
210445706
210445763
210445780
210445854
210445908
210446207
210446272
210446377
210446658
210446970
210447104
210447126
210447206
210447586
210447713
210447790
210447806
210447822
210447824
210447891
210447996
210448287
210448716
210448729
210448893
210448945
210448947
210449169
210449529
210449537
210449699
210449748
210449859
210449891
210449928
210450253
210450257
210450400
210450449
210450471
210450748
210450876
210451000
210451049
210451174
210451200
210451321
210451352
210451386
210451427
210451521
210451611
210451864
210452038
210452106
210452223
210452337
210452938
210452940
210452959
210453478
210453813
210454003
210454041
210454229
210454265
210454297
210454404
210454684
210455276
210455414
210455646
210456043
210456166
210456237
210456739
210456766
210457184
210457222
210457290
210457303
210457341
210457624
210457705
210458002
210458271
210458512
210458518
210458542
210458661
210458713
210458873
210459134
210459181
210459199
210459210
210459403
210459632
210459906
210459910
210460151
210460235
210460280
210460519
210460609
210460714
210460779
210460801
210460963
210460996
210461248
210461342
210461396
210461627
210461649
210461771
210461786
210462150
210462185
210462537
210462964
210463045
210463124
210463286
210463428
210463489
210464181
210464615
210464781
210464927
210465054
210465351
210465375
210465397
210465470
210465794
210466282
210466479
210466572
210466785
210466843
210466982
210467111
210467465
210468114
210468178
210468209
210468979
210469113
210469324
210469497
210469721
210469768
210469790
210469832
210469926
210470092
210470382
210470484
210470499
210470525
210470579
210470970
210471001
210471026
210471039
210471083
210471272
210471390
210471702
210471798
210472066
210472177
210472250
210472525
210472545
210472938
210473015
210473019
210473042
210473274
210473833
210473848
210474002
210474027
210474250
210474654
210474752
210474890
210474992
210475064
210475174
210475212
210475682
210475946
210476182
210476411
210476426
210476527
210476582
210476662
210476768
210476837
210476850
210476968
210476990
210477401
210477477
210477514
210477601
210477693
210477718
210478111
210478124
210478429
210478463
210478508
210478512
210478567
210478572
210478582
210478927
210478933
210479150
210479151
210479182
210479267
210479355
210479475
210479678
210479943
210480024
210480055
210480153
210480213
210480290
210480363
210480392
210480393
210480430
210480526
210480597
210480675
210481099
210481111
210481197
210481462
210481820
210481933
210482091
210482162
210482215
210482239
210482264
210482321
210482360
210482373
210482427
210482429
210482495
210482638
210483351
210483369
210483389
210483599
210483691
210483775
210483831
210483863
210484066
210484136
210484157
210484200
210484276
210484365
210484866
210485114
210485181
210485237
210485267
210485408
210485470
210485514
210485552
210485622
210485669
210485772
210485924
210486031
210486263
210486492
210486727
210486845
210487138
210487157
210487326
210487448
210487470
210487558
210487614
210487985
210488214
210488243
210488393
210488561
210488656
210488682
210488700
210488733
210488734
210488853
210488990
210489127
210489434
210489654
210489717
210490202
210490213
210490226
210490280
210490342
210490365
210490531
210490558
210490594
210490725
210490731
210490764
210490969
210491013
210491158
210491168
210491267
210491290
210491558
210491729
210491914
210492045
210492065
210492153
210492199
210492506
210492683
210492815
210492819
210492901
210492960
210493191
210493257
210493260
210493265
210493475
210493520
210493646
210493670
210494481
210494577
210494591
210494612
210494650
210494726
210495066
210495135
210495249
210495300
210495323
210495369
210495484
210495739
210495899
210496044
210496055
210496114
210496316
210496394
210496396
210496756
210496861
210497278
210497363
210497530
210497627
210497648
210497663
210497722
210497756
210498081
210498087
210498302
210498701
210498897
210498901
210499377
210499464
210499476
210499560
210499651
210499789
210499808
210499882
210499891
210499937
210499961
210500108
210500251
210500276
210500344
210500352
210500658
210500659
210500729
210500772
210500969
210500973
210501050
210501053
210501149
210501284
210501303
210501372
210501458
210501562
210501762
210501869
210501928
210501959
210502458
210502511
210502828
210502847
210502975
210503288
210503517
210503612
210503668
210504283
210504537
210504552
210504689
210504795
210505000
210505099
210505107
210505179
210505447
210505489
210505530
210505656
210505835
210505922
210505956
210506107
210506111
210506299
210506380
210506847
210506860
210506884
210507093
210507393
210507407
210507537
210507634
210507655
210507827
210507911
210508067
210508104
210508228
210508352
210508381
210508394
210508608
210508669
210508673
210508766
210509163
210509355
210509418
210509455
210509688
210509865
210509943
210510024
210510363
210510473
210510496
210510518
210510648
210511218
210511258
210511412
210511436
210511530
210511575
210511761
210511770
210511772
210511907
210511987
210512019
210512293
210512752
210512822
210512839
210512842
210512863
210512872
210512884
210512929
210513446
210513503
210513800
210513819
210514087
210514318
210514471
210514727
210514964
210514999
210515133
210515383
210515559
210515700
210515781
210515845
210515863
210515946
210516032
210516215
210516858
210517067
210517656
210517788
210517837
210518181
210518383
210518443
210518469
210518602
210518678
210518812
210518983
210519253
210519295
210519400
210519522
210519645
210519745
210519749
210519753
210519765
210520019
210520102
210520485
210520582
210520682
210520755
210520790
210520817
210520875
210520879
210520898
210521059
210521098
210521364
210521518
210521826
210522494
210522592
210522999
210523520
210523679
210523687
210523783
210523892
210523972
210524086
210524225
210524894
210524956
210525344
210525500
210525745
210525912
210526069
210526473
210526506
210526670
210526740
210526913
210527046
210527168
210527191
210527379
210527488
210527518
210527821
210527875
210527879
210527892
210527925
210528079
210528264
210528403
210528454
210528560
210528970
210529099
210529168
210529246
210529250
210529644
210529692
210529700
210529971
210530065
210530130
210530233
210530922
210530946
210531240
210531451
210531620
210531751
210531802
210531858
210531895
210532268
210532473
210532642
210532707
210532727
210533262
210533372
210533920
210534163
210534409
210534732
210534856
210534894
210535078
210535098
210535170
210535186
210535217
210535241
210535260
210535279
210535583
210536515
210536846
210537076
210537194
210537899
210538102
210538133
210538216
210538410
210538514
210538539
210538597
210538844
210538887
210539211
210539269
210539287
210539758
210539923
210539980
210540096
210540394
210540396
210540657
210541012
210541020
210541255
210541358
210541402
210542037
210542072
210542411
210542432
210542462
210542627
210542905
210542983
210543079
210543208
210543232
210543434
210543588
210543708
210543857
210543941
210544036
210544069
210544396
210544822
210544991
210545056
210545189
210545290
210545587
210545703
210545734
210545912
210545925
210545941
210546429
210546543
210546592
210546691
210546777
210546987
210547068
210547238
210547540
210547560
210547871
210547904
210547919
210548133
210548187
210548530
210548553
210548723
210548810
210548986
210549125
210549336
210549483
210549486
210549532
210549535
210549572
210549822
210550063
210550103
210550203
210550751
210550816
210550875
210551090
210551854
210551855
210552194
210552282
210552355
210552410
210552485
210552619
210552789
210553112
210553133
210553289
210553423
210553769
210553775
210553778
210554070
210554280
210554293
210554423
210554748
210554912
210555065
210555258
210555528
210555660
210555933
210555976
210556412
210556468
210556519
210557561
210557641
210557757
210558410
210558544
210558546
210558578
210558622
210559259
210559580
210559625
210560229
210560599
210560774
210560789
210560793
210561013
210561058
210561322
210561459
210561595
210561697
210561785
210562029
210562071
210562128
210562193
210562494
210563003
210563276
210563395
210563410
210563488
210563612
210563873
210563947
210564081
210564155
210564200
210564562
210564727
210564776
210564813
210564833
210565212
210565241
210565257
210565259
210565575
210565772
210565838
210565909
210566008
210566479
210566538
210567297
210567749
210567767
210567939
210568002
210568200
210568287
210568399
210568426
210568471
210568529
210568631
210569274
210569428
210569594
210569638
210569644
210569686
210569818
210569998
210570081
210570358
210570669
210570696
210570828
210570970
210571085
210571818
210572047
210572096
210572278
210572283
210572288
210572467
210572669
210572738
210572796
210572899
210572900
210573053
210573210
210573341
210573512
210573537
210573564
210573611
210573835
210574080
210574086
210574566
210574567
210574623
210574681
210574709
210574742
210574795
210574837
210575024
210575130
210575191
210575588
210575802
210576001
210576225
210576234
210576237
210576418
210576500
210576542
210576874
210576889
210577548
210577632
210577657
210577756
210577810
210578443
210578532
210578691
210578809
210578852
210578857
210578865
210579253
210579292
210579563
210579746
210579749
210579784
210579872
210580236
210580436
210580883
210580990
210580994
210581012
210581144
210581348
210581555
210581681
210581734
210581907
210582056
210582477
210582911
210583014
210583826
210584075
210584078
210584199
210584324
210584413
210584481
210584768
210584974
210585685
210585823
210585869
210585896
210586169
210586972
210586984
210587410
210587638
210587750
210588132
210588152
210588237
210588416
210588705
210588959
210589088
210589188
210589260
210589372
210589582
210589795
210589916
210589989
210590043
210590083
210590346
210590755
210591380
210591703
210591774
210592074
210592325
210592382
210592894
210592909
210592993
210593410
210593490
210593914
210594088
210594212
210594292
210594299
210594356
210594367
210594484
210594569
210594798
210594854
210595237
210595583
210595704
210596205
210596506
210596544
210596584
210596595
210596693
210596781
210596822
210596924
210596975
210597110
210597319
210597352
210597504
210597665
210597857
210597978
210598347
210598350
210598493
210598969
210599093
210599393
210599467
210599680
210599695
210599981
210600419
210601140
210601517
210601920
210602020
210602165
210602466
210602634
210602685
210602727
210602794
210603371
210603482
210604137
210604565
210604826
210604966
210605011
210605233
210605265
210605458
210605557
210605642
210605970
210605996
210606310
210606582
210606844
210607033
210607186
210607476
210607646
210607672
210607917
210608013
210608122
210608165
210608215
210608234
210608251
210608269
210608760
210608897
210609156
210609259
210609267
210609336
210609533
210609658
210609725
210610252
210610446
210610610
210610947
210611003
210611096
210611237
210611270
210611675
210611837
210612573
210612828
210613156
210613396
210613397
210613424
210613581
210613610
210614091
210614163
210614175
210614304
210614617
210614631
210614790
210614981
210615192
210615400
210615625
210616132
210616446
210616453
210616487
210616528
210616711
210616740
210616794
210616864
210617105
210617106
210617160
210617393
210617556
210617643
210618153
210618287
210618294
210618444
210618515
210618537
210618591
210619049
210619210
210619667
210619812
210619926
210619963
210620197
210620295
210620371
210620400
210620533
210620646
210620977
210621463
210621522
210621891
210622013
210622246
210622262
210622311
210622384
210622388
210622478
210622498
210622672
210622839
210622942
210623187
210623351
210623357
210623426
210623493
210623530
210623841
210623928
210624012
210624041
210624302
210625135
210625258
210625287
210625325
210625450
210625529
210625588
210626041
210626335
210626725
210626805
210626816
210626900
210626901
210626929
210627164
210627257
210627352
210627529
210627592
210627805
210627850
210628150
210628834
210629015
210629082
210629092
210629204
210629674
210629711
210630969
210631075
210631077
210631078
210631263
210631378
210632464
210632474
210632929
210633136
210633353
210633421
210633514
210633891
210634104
210634206
210634212
210634902
210634928
210635177
210635376
210635506
210635821
210636169
210636573
210636807
210636905
210636932
210637513
210637579
210638307
210638529
210638821
210639546
210639811
210640204
210640237
210640244
210640273
210640492
210640538
210640587
210640877
210640934
210640966
210641379
210641408
210641434
210641629
210641701
210641978
210642040
210642221
210642231
210642233
210642244
210642375
210642446
210642494
210642649
210642830
210642858
210642998
210643811
210644120
210644191
210645116
210645281
210645289
210645527
210645745
210645922
210646034
210646286
210646715
210646997
210647548
210647818
210648137
210648285
210648519
210648642
210648955
210649002
210649205
210649325
210649458
210649605
210649849
210649906
210649945
210650147
210650257
210650633
210650733
210650798
210651379
210651401
210651471
210651828
210651877
210651981
210652107
210652440
210652508
210652602
210652698
210653000
210653148
210653291
210653320
210653483
210653696
210653860
210653914
210654255
210654947
210655023
210655105
210655107
210655159
210655171
210655282
210655359
210656243
210656314
210656499
210656707
210656932
210657143
210657145
210657339
210657463
210657510
210657592
210658027
210658099
210658312
210658415
210658514
210658624
210658856
210658928
210659014
210659016
210659336
210659882
210659945
210660225
210660264
210660668
210661100
210661166
210661226
210661750
210661778
210661994
210662045
210662093
210662122
210662432
210662690
210662707
210662727
210662824
210662835
210662928
210663432
210663503
210663738
210663876
210664088
210664100
210664745
210664901
210665092
210665158
210665279
210665335
210665424
210665521
210665718
210665760
210665793
210666258
210666393
210666742
210666756
210666850
210666983
210667030
210667175
210667381
210667466
210667695
210668165
210668169
210668546
210668583
210668611
210668880
210668900
210669206
210669399
210669471
210669534
210669664
210669696
210669719
210669767
210670202
210670546
210670777
210670929
210670966
210670969
210670993
210671079
210671201
210671211
210671362
210671422
210671520
210671563
210671877
210671887
210672069
210672183
210672244
210672296
210673167
210673459
210673515
210673587
210673610
210673682
210673842
210673906
210674207
210674342
210674385
210674406
210674696
210674699
210674816
210674957
210674996
210675159
210675302
210675738
210676049
210676061
210676168
210676219
210676231
210676388
210676746
210677156
210677174
210677377
210677418
210677477
210677616
210677703
210677927
210677968
210678099
210678152
210678194
210678243
210678282
210678520
210678615
210678762
210678858
210679075
210679098
210679286
210679324
210679459
210679616
210679638
210679946
210679948
210680434
210680456
210680500
210680508
210680560
210681009
210681303
210681653
210681704
210681792
210681867
210681954
210682130
210682197
210682270
210682327
210682435
210682533
210682541
210682736
210682746
210683006
210683048
210683245
210683329
210683497
210683994
210684117
210684131
210684541
210684818
210684902
210685306
210685344
210685518
210685563
210685585
210685930
210686222
210686306
210686467
210686573
210686705
210686716
210686850
210686969
210686974
210687196
210687236
210687403
210687418
210687428
210687574
210687585
210687710
210688070
210688161
210688360
210688526
210688551
210688580
210688611
210689201
210689222
210689391
210689585
210689708
210689814
210690462
210690545
210690749
210690766
210691055
210691271
210691443
210691501
210691655
210691717
210691891
210691912
210691965
210692012
210692166
210692324
210692439
210692484
210692552
210692557
210692739
210692774
210692799
210693462
210693497
210693636
210693746
210693874
210694038
210694160
210694170
210694249
210694306
210694374
210695245
210695424
210695841
210695905
210695960
210695994
210696040
210696137
210696143
210696205
210696288
210696380
210696425
210696692
210696696
210696959
210697216
210697354
210697388
210698200
210698245
210698355
210698378
210698564
210698784
210698821
210698867
210698927
210699122
210699160
210699243
210699352
210699550
210699613
210700098
210700136
210700268
210700382
210700559
210700765
210700847
210701099
210701183
210701207
210701231
210701492
210701627
210701761
210701825
210701901
210701947
210701959
210702026
210702057
210702216
210702251
210702319
210702485
210702613
210702779
210702788
210702868
210703014
210703170
210703374
210703394
210704133
210704438
210704526
210704733
210704853
210705173
210705174
210705598
210705725
210705960
210705967
210706172
210706205
210706309
210706359
210706376
210706555
210706665
210707130
210707167
210707287
210707436
210707640
210707650
210707678
210707811
210707934
210708012
210708191
210708240
210708350
210708424
210708444
210708484
210708529
210708662
210708830
210708899
210708991
210709086
210709088
210709161
210709379
210709437
210709514
210709659
210709672
210709731
210709865
210710170
210710183
210710221
210710312
210710483
210710668
210710736
210710965
210711036
210711227
210711234
210711240
210711373
210711477
210711616
210711621
210711698
210711928
210711931
210712167
210712244
210712367
210712420
210712441
210712461
210712469
210712484
210712498
210712623
210712631
210712762
210712855
210712904
210713011
210713122
210713183
210713449
210713621
210713633
210713788
210713893
210714002
210714161
210714190
210714238
210714503
210714565
210714980
210715010
210715089
210715174
210715462
210715865
210715947
210715961
210716103
210716448
210716480
210716489
210716568
210716606
210716610
210716665
210716813
210716932
210716960
210716981
210717005
210717184
210717195
210717423
210717443
210717460
210717801
210717880
210718039
210718323
210718446
210718454
210718540
210718930
210719000
210719064
210719172
210719272
210719289
210719550
210719589
210719592
210719749
210719904
210720524
210720575
210720660
210720738
210720759
210720772
210721309
210721443
210721755
210721761
210721827
210721841
210721966
210722013
210722351
210722360
210722412
210722434
210722687
210722707
210722862
210722906
210723315
210723496
210723919
210723975
210724061
210724302
210724366
210724391
210724401
210724595
210724763
210724775
210724778
210724899
210724989
210725198
210725248
210725360
210725453
210726208
210726248
210726306
210726320
210726623
210726632
210726670
210726841
210727032
210727084
210727144
210727363
210727403
210727662
210727727
210727850
210727863
210727934
210728283
210728532
210728554
210728696
210728784
210728788
210729012
210729025
210729180
210729204
210729277
210729426
210729470
210729473
210729495
210729572
210729760
210730034
210730088
210730103
210730298
210730438
210730746
210730963
210731130
210731134
210731169
210731245
210731351
210731419
210731503
210731732
210731793
210731794
210731985
210732232
210732291
210732332
210732468
210732574
210732813
210732952
210733081
210733119
210733147
210733170
210733360
210733683
210733688
210733838
210733901
210733938
210734242
210734284
210734566
210734755
210734775
210734853
210734858
210734889
210734946
210734969
210735169
210735322
210735652
210735950
210735981
210736042
210736045
210736098
210736115
210736303
210736624
210736672
210736703
210736713
210736730
210737129
210737176
210737244
210737526
210737671
210737754
210737808
210738367
210738435
210738479
210738578
210738637
210738733
210738773
210738799
210738971
210739037
210739039
210739130
210739148
210739197
210739235
210739435
210739492
210739503
210739557
210739779
210739856
210739936
210740125
210740166
210740184
210740268
210740295
210740342
210740522
210740523
210740526
210740679
210740714
210740720
210740810
210740895
210741018
210741091
210741256
210741296
210741607
210741764
210742005
210742017
210742030
210742049
210742057
210742109
210742146
210742242
210742592
210742688
210742704
210743041
210743091
210743174
210743186
210743301
210743439
210743606
210743621
210743724
210743959
210743984
210744092
210744124
210744178
210744230
210744254
210744272
210744319
210744330
210744515
210744669
210744677
210744746
210744818
210744847
210745033
210745059
210745253
210745695
210745959
210746002
210746369
210746854
210746864
210746879
210746898
210746907
210747154
210747190
210747217
210747288
210747309
210747390
210747424
210747486
210747576
210747688
210747698
210747750
210747768
210748025
210748060
210748135
210748481
210748621
210748873
210749006
210749042
210749044
210749139
210749234
210749446
210749448
210749869
210750050
210750062
210750096
210750182
210750222
210750310
210750337
210750383
210750420
210750621
210750726
210750806
210750873
210750941
210750989
210751137
210751392
210751462
210751596
210751612
210751654
210751724
210751738
210751817
210752029
210752074
210752101
210752165
210752442
210752492
210752809
210752894
210753177
210753258
210753260
210753273
210753448
210753708
210753800
210754015
210754040
210754105
210754144
210754236
210754272
210754363
210754434
210754505
210754609
210754620
210754643
210754915
210754930
210754998
210755066
210755081
210755186
210755553
210755594
210755820
210755944
210755990
210756090
210756524
210756666
210756714
210756854
210756938
210757007
210757163
210757653
210757663
210757750
210757756
210758148
210758429
210758459
210758498
210758590
210758596
210758680
210758732
210758754
210758829
210759367
210759375
210759459
210759498
210759564
210759808
210759873
210760024
210760250
210760253
210760285
210760515
210760681
210760706
210760764
210760851
210760917
210760996
210761114
210761169
210761454
210761528
210761588
210761676
210761711
210761770
210761838
210761940
210761978
210762093
210762236
210762380
210762404
210762441
210762464
210762478
210762495
210762615
210762628
210762863
210762875
210763053
210763244
210763304
210763433
210763461
210763474
210763477
210763545
210763664
210763667
210763691
210763799
210763852
210763876
210763952
210764183
210764361
210764373
210764423
210764431
210764483
210764761
210764932
210764955
210764964
210765043
210765083
210765227
210765248
210765308
210765362
210765363
210765604
210765634
210765760
210765889
210765895
210766103
210766199
210766284
210766570
210766719
210766785
210766800
210766835
210766868
210766870
210767112
210767255
210767482
210767546
210767551
210767761
210767869
210767985
210767994
210768268
210768482
210768521
210768535
210768568
210768658
210768717
210768834
210768919
210768927
210769047
210769333
210769457
210769616
210769653
210769691
210769697
210769702
210769717
210769751
210769813
210769880
210769883
210769979
210770044
210770235
210770380
210770414
210770541
210770902
210771204
210771219
210771254
210771482
210771590
210771662
210771794
210771915
210772000
210772001
210772022
210772355
210772560
210772588
210772796
210772805
210772990
210773070
210773255
210773304
210773333
210773439
210773655
210773729
210773762
210773919
210774216
210774243
210774400
210774430
210774449
210774469
210774563
210774604
210774618
210774656
210774690
210774782
210774836
210774847
210774934
210775019
210775146
210775165
210775301
210775313
210775426
210775619
210775671
210775694
210775710
210775831
210776021
210776103
210776124
210776409
210776441
210776486
210776828
210776870
210776995
210777017
210777034
210777145
210777429
210777503
210777548
210777600
210777631
210777695
210777988
210778003
210778059
210778133
210778136
210778181
210778340
210778357
210778416
210778417
210778573
210778643
210778772
210778787
210778804
210779050
210779224
210779226
210779259
210779334
210779340
210779359
210779570
210779615
210779725
210779878
210780188
210780208
210780223
210780385
210780532
210780737
210780780
210780789
210780956
210781143
210781151
210781191
210781250
210781464
210781647
210781846
210781978
210782216
210782219
210782368
210782464
210782644
210782685
210782736
210782765
210782934
210783013
210783016
210783094
210783179
210783290
210783336
210783416
210783504
210783833
210783836
210784443
210784445
210784462
210784565
210784603
210784647
210784783
210784858
210785302
210785321
210785341
210785393
210785427
210785551
210785727
210785748
210786126
210786154
210786193
210786346
210786450
210786511
210786536
210786538
210786627
210786719
210786745
210786758
210786847
210786874
210786882
210787109
210787202
210787491
210787510
210787602
210787911
210788020
210788222
210788345
210788654
210788684
210788731
210788884
210788946
210788975
210789198
210789419
210789456
210789582
210789585
210789738
210789809
210789842
210790100
210790122
210790363
210790411
210790413
210790482
210790634
210790719
210790827
210790933
210790995
210791034
210791232
210791491
210791550
210791573
210791600
210791807
210792413
210792705
210793045
210793197
210793202
210793203
210793268
210793561
210793570
210793627
210793649
210793812
210793892
210794062
210794111
210794758
210795045
210795126
210795414
210795447
210795603
210795614
210795643
210795708
210795720
210795861
210795891
210795948
210796052
210796345
210796361
210796374
210796402
210796546
210796572
210796589
210796664
210796724
210796988
210796997
210797268
210797296
210797490
210797527
210797797
210797961
210797975
210798233
210798359
210798382
210798399
210799131
210799134
210799302
210799459
210799673
210799711
210799774
210799994
210800327
210800332
210800368
210800443
210800475
210800484
210800538
210800573
210800634
210800797
210800970
210800979
210801003
210801551
210801596
210801836
210801853
210802141
210802162
210802307
210802694
210802698
210802733
210802875
210802945
210803087
210803280
210803311
210803321
210803834
210803851
210803905
210803967
210804125
210804144
210804163
210804191
210804264
210804427
210804526
210804856
210805094
210805176
210805209
210805240
210805349
210805381
210805532
210805978
210806065
210806784
210806791
210806815
210807165
210807392
210807482
210807567
210807915
210808062
210808112
210808234
210808302
210808464
210808522
210808677
210808897
210808916
210808971
210808996
210809265
210809269
210809550
210809589
210810002
210810165
210810552
210811310
210811342
210811353
210811401
210811436
210811598
210811757
210811785
210811910
210811915
210812122
210812133
210812212
210812316
210812621
210812659
210812803
210813189
210813219
210813428
210813671
210813780
210813959
210813991
210814056
210814335
210814428
210814674
210814692
210815003
210815489
210815768
210816026
210816432
210816649
210816656
210816798
210817078
210817186
210817565
210817779
210817793
210817814
210818314
210818583
210818697
210818737
210818770
210818843
210818897
210818947
210819366
210819401
210819568
210819582
210820002
210820154
210820254
210820840
210820939
210820979
210821077
210821098
210821137
210821498
210822251
210822498
210822528
210822544
210822575
210822644
210822713
210822989
210823140
210823425
210823504
210823659
210823872
210823911
210823979
210824524
210824750
210824828
210824958
210825205
210825690
210825751
210826038
210826673
210826837
210826865
210826886
210826887
210826892
210826925
210826950
210826989
210827030
210827505
210828099
210828294
210828314
210828429
210828665
210828827
210829398
210829632
210829679
210829886
210829957
210829981
210829990
210830319
210830419
210830467
210830496
210830690
210830899
210830948
210830951
210831124
210831310
210831392
210831531
210831669
210831816
210831943
210832295
210832303
210832378
210832390
210833196
210833215
210833552
210833580
210833622
210833748
210833946
210833978
210834192
210834331
210834361
210834430
210834482
210834631
210835399
210835413
210835447
210835569
210835722
210835822
210835968
210836056
210836070
210836118
210836344
210836472
210837083
210837242
210837289
210837336
210837486
210837492
210837494
210837518
210837690
210837725
210837904
210838082
210838181
210838381
210838726
210838799
210838972
210839030
210839077
210839241
210839388
210839810
210839912
210840112
210840287
210840966
210841071
210841114
210841377
210841434
210842062
210842375
210842639
210842717
210842971
210843252
210843343
210843552
210843635
210843699
210843708
210843987
210844027
210844190
210844412
210844537
210845326
210845448
210845502
210845609
210845935
210846095
210846260
210846268
210846419
210846637
210846687
210846995
210847165
210847201
210847428
210847508
210847576
210847899
210847982
210848071
210848094
210848775
210848863
210848916
210849001
210849034
210849256
210849580
210849700
210849741
210850821
210850959
210851017
210851678
210851752
210852007
210852080
210852178
210852232
210852276
210852584
210852812
210852866
210852903
210853175
210853531
210853541
210853590
210853791
210853939
210854069
210854098
210854137
210854138
210854408
210854413
210854932
210854989
210855272
210855313
210855521
210855754
210855818
210855850
210855900
210856004
210856102
210856110
210856220
210856286
210856891
210857004
210857107
210858075
210858192
210858431
210858446
210858684
210858869
210858955
210859013
210859047
210859160
210860060
210860102
210860152
210860453
210860470
210860757
210860787
210860953
210860959
210861702
210861773
210862226
210862379
210862612
210862754
210863046
210863079
210863152
210863662
210863683
210863835
210863964
210864330
210864681
210864854
210864910
210865005
210865020
210865372
210865374
210865436
210865651
210865655
210865674
210865738
210866010
210866018
210866172
210866375
210866482
210866600
210866646
210866727
210866744
210867003
210867056
210867262
210867398
210867412
210867456
210867522
210867697
210867819
210867983
210867993
210868183
210868373
210868554
210868663
210868782
210868893
210869110
210869120
210869192
210869667
210869792
210869802
210869872
210870064
210870257
210870276
210870456
210870541
210870563
210870668
210870840
210870965
210871297
210871366
210871431
210872183
210872505
210872507
210872522
210872577
210872978
210873316
210873478
210874078
210874208
210874886
210874955
210875069
210875118
210875595
210875646
210875888
210875980
210876025
210876759
210876796
210877025
210877263
210877347
210877423
210878281
210878343
210878406
210878518
210878536
210878569
210878635
210879217
210879449
210879499
210879553
210879611
210879662
210879932
210880382
210880551
210880558
210880652
210880762
210880835
210880987
210881103
210881338
210881376
210881667
210881930
210881975
210882654
210883020
210883077
210883143
210883308
210883459
210883991
210884396
210884750
210884893
210884948
210885329
210885477
210885626
210885761
210885872
210885955
210886005
210886244
210886438
210886447
210886823
210886840
210887112
210887246
210887424
210887585
210887641
210887788
210887918
210887995
210888061
210888114
210888123
210888231
210888477
210888551
210888707
210889032
210889094
210889732
210889817
210890068
210890082
210890451
210890493
210890620
210890814
210891334
210891645
210891685
210891881
210891979
210892321
210892372
210892390
210892398
210892671
210892767
210892842
210893255
210893326
210893327
210893512
210893936
210893991
210894022
210894204
210894707
210894737
210894955
210894969
210895177
210895374
210895652
210895949
210895952
210895988
210896077
210896236
210896403
210896547
210896838
210897216
210897446
210898054
210898111
210898141
210898261
210898347
210898398
210898642
210898676
210898843
210898907
210898959
210898988
210899163
210899468
210899603
210899950
210900035
210900330
210900370
210900453
210900788
210900800
210901078
210901240
210901321
210901754
210901979
210901982
210902076
210902080
210902186
210902262
210902271
210902277
210902797
210902862
210903106
210903467
210903517
210903541
210903625
210903972
210904019
210904047
210904107
210904552
210904564
210904675
210904679
210904949
210905191
210905255
210905362
210905854
210906008
210906069
210906262
210906350
210906847
210907021
210907237
210907346
210907388
210907442
210907473
210907534
210907575
210907799
210907837
210907856
210908270
210908293
210908494
210908535
210908759
210908792
210908844
210908952
210909460
210909528
210909746
210909817
210909832
210909844
210909923
210909983
210910012
210910367
210910457
210910922
210911036
210911117
210911220
210911240
210911544
210911601
210911931
210911996
210912057
210912096
210912300
210912487
210912544
210912613
210912914
210913007
210913096
210913399
210913844
210914124
210914195
210914245
210914261
210914325
210914638
210914670
210915133
210915248
210915269
210915466
210915556
210915568
210915626
210915695
210915861
210915882
210915952
210916027
210916303
210916718
210916857
210917016
210917230
210917330
210917345
210917534
210917578
210917587
210917754
210918038
210918391
210918424
210918638
210918697
210918923
210918990
210919158
210919316
210919412
210919466
210919628
210919667
210919710
210919911
210920066
210920215
210920246
210920268
210920334
210920411
210920440
210920453
210920469
210920550
210920855
210921519
210921544
210921615
210921655
210921683
210921903
210921969
210922125
210922126
210922216
210922447
210922471
210922592
210922602
210922803
210922959
210923023
210923049
210923123
210923333
210923409
210923443
210923509
210923590
210923615
210923631
210923644
210923842
210923852
210923968
210923988
210924173
210924252
210924735
210924906
210925084
210925362
210925370
210925532
210925750
210925813
210926007
210926114
210926194
210926288
210926372
210926466
210926530
210926560
210926702
210926749
210926801
210926818
210926952
210927034
210927155
210927248
210927253
210927281
210927331
210927358
210927431
210927635
210927722
210927909
210927979
210928122
210928204
210928354
210928389
210928402
210928444
210928456
210928539
210928684
210928749
210928843
210928980
210929010
210929048
210929065
210929228
210929237
210929521
210929629
210929837
210929884
210929923
210930204
210930319
210930641
210930643
210930723
210930734
210930747
210930754
210930783
210930791
210930808
210930895
210930908
210930918
210931084
210931222
210931244
210931279
210931554
210931556
210931618
210931693
210931896
210931933
210931967
210932189
210932315
210932393
210932646
210932705
210932747
210932768
210932831
210933044
210933134
210933298
210933427
210933505
210933507
210933635
210933802
210934029
210934047
210934070
210934071
210934159
210934370
210934387
210934391
210934463
210934470
210934634
210934645
210934819
210934910
210935191
210935318
210935609
210935841
210935960
210936105
210936109
210936162
210936166
210936309
210936376
210936542
210936878
210936934
210936951
210937110
210937334
210937428
210937624
210937660
210937827
210937962
210937963
210937990
210938054
210938106
210938219
210938254
210938453
210938517
210938584
210938637
210938739
210938928
210938968
210938975
210939010
210939027
210939036
210939132
210939135
210939323
210939333
210939348
210939448
210939640
210939705
210939730
210939924
210940370
210940401
210940419
210940436
210940479
210940522
210940618
210940769
210940839
210941038
210941134
210941195
210941258
210941293
210941388
210941605
210941642
210941872
210941969
210942003
210942139
210942212
210942311
210942394
210942616
210942652
210942748
210942842
210942864
210942999
210943061
210943383
210943388
210943430
210943446
210943751
210943787
210943901
210944029
210944055
210944157
210944181
210944187
210944259
210944274
210944657
210944660
210944698
210944700
210944705
210944713
210944729
210945054
210945280
210945342
210945362
210945407
210945505
210945519
210945655
210945664
210945875
210945907
210946068
210946424
210946427
210946466
210946563
210946614
210946764
210946779
210946924
210947020
210947099
210947190
210947236
210947255
210947280
210947594
210947602
210947795
210947847
210947874
210947895
210947987
210948451
210948646
210948773
210948828
210948886
210948982
210948985
210949096
210949453
210949534
210949551
210949721
210949767
210949834
210950166
210950209
210950316
210950394
210950571
210950893
210951001
210951145
210951150
210951199
210951223
210951283
210951567
210951570
210951703
210951753
210951780
210952200
210952220
210952277
210952379
210952746
210952908
210953278
210953329
210953765
210953892
210954057
210954061
210954096
210954261
210954314
210954427
210954481
210954570
210954841
210955695
210955784
210955995
210956016
210956379
210956385
210956446
210956498
210956678
210956863
210957099
210957351
210957559
210957703
210958195
210958264
210958608
210958689
210958874
210958907
210958933
210959462
210959526
210959799
210959862
210959901
210960161
210960330
210960456
210960495
210960579
210960969
210961056
210961494
210961508
210961514
210961633
210961748
210961846
210961973
210962370
210962804
210962961
210962969
210963067
210963163
210963190
210963202
210963351
210963501
210963534
210963722
210963723
210963776
210963892
210963935
210964027
210964084
210964159
210964173
210964296
210964487
210964780
210965053
210965110
210965155
210965538
210965623
210965709
210965791
210965800
210966044
210966200
210966350
210966392
210966700
210966902
210966931
210966957
210967196
210967282
210967352
210967568
210967582
210967650
210967897
210967901
210967956
210968253
210968405
210968497
210968624
210968919
210969147
210969307
210969407
210969666
210969692
210969883
210969937
210969970
210970093
210970672
210970744
210970784
210970793
210970831
210970850
210971094
210971120
210971122
210971268
210971340
210971348
210971517
210971624
210972298
210972491
210973153
210973587
210973624
210973756
210973951
210974237
210974364
210974372
210974390
210974415
210974434
210974463
210974828
210974893
210974908
210974942
210974992
210975338
210975876
210975880
210976524
210976615
210976630
210976649
210976734
210976854
210977032
210977069
210977309
210977505
210977589
210977645
210977779
210977909
210978393
210978573
210978650
210978875
210978929
210979283
210979290
210979439
210979656
210979688
210979706
210979798
210979804
210980018
210980117
210980255
210980418
210980637
210980652
210981240
210981338
210981363
210981388
210981538
210981606
210981697
210981920
210981994
210982092
210982131
210982234
210982266
210982502
210982519
210982761
210982856
210982960
210983092
210983198
210983236
210983624
210983677
210983773
210983809
210983994
210983995
210984048
210984469
210984723
210984736
210984800
210984840
210984851
210984890
210984899
210984980
210985019
210985414
210985752
210986001
210986202
210986333
210986451
210986554
210986620
210986729
210986858
210986927
210986987
210987051
210987172
210987193
210987357
210987443
210987818
210988024
210988056
210988095
210988164
210988255
210988354
210988363
210988475
210988543
210988548
210988602
210988681
210988922
210988931
210989020
210989043
210989225
210989482
210989517
210989538
210989637
210989829
210989930
210990284
210990463
210990525
210990536
210990639
210990823
210990936
210991032
210991175
210991206
210991271
210991452
210991540
210991549
210991637
210991686
210991762
210991829
210992003
210992112
210992228
210992480
210992688
210992697
210992917
210993165
210993319
210993561
210993591
210993655
210993656
210993662
210993718
210994089
210994243
210994415
210994564
210994616
210994921
210994935
210995008
210995216
210995217
210995339
210995387
210995683
210995769
210995852
210995892
210996038
210996081
210996142
210996242
210996287
210996419
210996505
210996584
210996586
210996592
210996805
210996834
210996884
210996915
210997031
210997183
210997197
210997213
210997261
210997287
210997383
210997460
210997527
210997577
210997742
210997946
210997955
210998083
210998097
210998135
210998272
210998274
210998378
210998453
210998478
210998521
210998615
210998712
210998828
210999011
210999052
210999087
210999120
210999172
210999232
210999297
210999388
210999422
210999434
210999447
210999570
211000411
211000470
211000517
211000569
211000573
211000618
211000693
211000740
211001005
211001183
211001224
211001300
211001312
211001584
211001665
211001695
211001714
211001716
211001778
211001882
211002011
211002070
211002170
211002175
211002431
211002715
211002816
211002829
211003057
211003154
211003258
211003359
211003672
211003744
211003768
211003926
211003997
211004060
211004088
211004119
211004198
211004306
211004429
211004548
211004557
211004687
211004918
211004943
211005117
211005158
211005202
211005312
211005367
211005706
211005799
211005938
211005949
211006027
211006037
211006299
211006381
211006413
211006532
211006594
211006630
211006744
211006753
211006783
211007006
211007034
211007051
211007320
211007344
211007382
211007417
211007456
211007532
211007577
211007617
211007717
211007731
211007912
211007952
211007961
211007968
211008065
211008237
211008283
211008321
211008337
211008436
211008438
211008524
211008578
211008595
211008786
211008819
211008831
211008838
211008984
211009047
211009081
211009305
211009352
211009404
211009416
211009486
211009497
211009835
211009882
211010031
211010041
211010059
211010149
211010163
211010188
211010194
211010240
211010262
211010308
211010367
211010422
211010664
211010737
211010854
211010902
211011030
211011108
211011125
211011199
211011275
211011482
211011649
211011793
211011910
211012041
211012227
211012313
211012330
211012547
211012609
211012889
211013046
211013066
211013127
211013159
211013187
211013196
211013221
211013354
211013382
211013400
211013713
211013743
211013888
211013955
211014046
211014186
211014209
211014432
211014437
211014582
211014661
211014733
211014750
211014883
211014960
211015044
211015258
211015308
211015605
211015806
211015814
211015817
211015877
211016004
211016037
211016175
211016228
211016231
211016313
211016356
211016457
211016468
211016579
211016584
211016725
211016831
211016870
211016961
211017022
211017057
211017206
211017366
211017469
211017539
211017544
211017545
211017570
211017590
211017659
211017750
211017801
211017805
211017877
211017891
211017969
211018010
211018076
211018106
211018285
211018513
211018590
211018702
211018906
211018915
211019052
211019066
211019290
211019369
211019448
211019526
211019565
211019691
211019707
211019750
211019761
211019902
211020101
211020145
211020261
211020345
211020371
211020629
211020714
211020863
211020975
211020988
211021007
211021014
211021098
211021113
211021247
211021291
211021332
211021382
211021427
211021523
211021751
211021789
211021827
211021881
211022004
211022192
211022194
211022199
211022276
211022311
211022535
211022539
211022660
211022859
211022886
211022910
211022925
211023004
211023137
211023167
211023176
211023191
211023369
211023535
211023807
211023895
211023938
211023960
211024158
211024172
211024196
211024210
211024229
211024494
211024764
211024798
211024891
211024915
211025002
211025038
211025056
211025112
211025144
211025282
211025283
211025538
211025676
211025708
211025716
211025755
211025770
211025773
211025925
211025964
211026033
211026087
211026112
211026226
211026276
211026321
211026410
211026469
211026599
211026906
211026951
211026963
211027112
211027292
211027393
211027413
211027607
211027664
211027879
211028100
211028209
211028279
211028402
211028830
211028863
211029048
211029076
211029152
211029187
211029198
211029232
211029245
211029446
211029530
211029788
211029843
211029986
211030057
211030231
211030332
211030439
211030481
211030680
211030732
211030784
211030880
211030912
211031087
211031100
211031105
211031191
211031293
211031313
211031520
211031658
211031673
211031682
211032076
211032295
211032304
211032334
211032354
211032382
211032395
211032457
211032928
211032994
211033307
211033318
211033353
211033487
211033935
211034269
211034329
211034343
211034423
211034592
211034657
211034737
211034868
211034942
211035026
211035079
211035120
211035282
211035702
211035888
211035936
211035968
211036214
211036360
211036390
211036460
211036485
211036595
211036659
211036776
211036823
211036881
211036944
211037012
211037018
211037023
211037227
211037230
211037608
211037734
211038049
211038211
211038389
211038410
211038588
211038618
211038622
211038660
211038756
211038810
211038811
211038945
211039072
211039155
211039225
211039300
211039307
211039441
211039480
211039486
211039634
211039639
211039840
211040127
211040245
211040249
211040347
211040465
211040513
211040615
211040706
211040769
211040850
211040992
211041001
211041372
211041408
211041420
211041443
211041474
211041475
211041548
211041648
211041682
211041683
211041750
211042031
211042045
211042058
211042271
211042336
211042405
211042471
211042656
211042846
211043259
211043261
211043321
211043323
211043389
211043986
211044266
211044435
211044536
211044578
211044618
211044671
211044791
211044807
211044830
211044929
211044972
211045066
211045147
211045153
211045210
211045265
211045320
211045353
211045374
211045617
211045648
211045778
211045801
211045813
211045933
211045960
211045994
211046046
211046102
211046195
211046308
211046315
211046357
211046446
211046494
211046515
211046537
211046601
211046826
211046948
211047003
211047055
211047297
211047298
211047315
211047451
211047503
211047563
211047631
211047687
211047718
211047767
211047786
211047828
211047886
211047908
211047980
211048116
211048126
211048169
211048297
211048319
211048564
211048644
211048783
211048897
211048999
211049052
211049220
211049250
211049322
211049396
211049486
211049514
211049638
211049716
211049773
211049922
211050085
211050165
211050452
211050471
211050504
211050553
211050613
211050629
211050641
211050847
211050973
211051303
211051330
211051489
211051561
211051611
211051632
211051671
211051677
211051685
211051868
211051975
211052102
211052103
211052254
211052320
211052674
211052689
211052763
211052779
211052936
211053020
211053213
211053255
211053549
211053586
211053615
211053737
211053776
211053901
211053922
211053949
211054014
211054027
211054251
211054508
211054512
211054521
211054539
211054580
211054632
211054689
211054847
211054960
211055044
211055343
211055424
211055431
211055468
211055547
211055568
211055896
211056009
211056099
211056253
211056293
211056297
211056366
211056399
211056418
211056483
211056538
211056551
211056836
211056865
211056904
211056920
211057025
211057320
211057330
211057472
211057496
211057520
211057608
211057850
211057927
211058139
211058146
211058178
211058359
211058381
211058461
211058468
211058884
211059002
211059062
211059078
211059098
211059185
211059211
211059303
211059650
211059658
211059727
211059754
211059767
211059775
211059880
211059924
211059949
211059979
211060078
211060186
211060297
211060358
211060621
211060692
211060743
211060928
211060969
211061304
211061426
211061554
211061750
211061819
211061958
211062206
211062512
211062662
211062705
211062836
211062846
211063000
211063049
211063081
211063134
211063235
211063255
211063299
211063316
211063340
211063361
211063445
211063591
211063649
211063723
211063744
211063749
211063756
211064137
211064196
211064391
211064435
211064521
211064526
211064590
211064647
211064666
211064721
211064725
211064758
211064899
211065006
211065014
211065076
211065077
211065107
211065162
211065174
211065370
211065426
211065462
211065494
211065505
211065602
211065616
211065892
211065931
211066025
211066139
211066186
211066221
211066263
211066265
211066337
211066346
211066394
211066412
211066413
211066606
211066691
211066754
211066952
211067107
211067240
211067316
211067419
211067465
211067585
211067634
211067702
211067768
211067783
211067862
211067927
211068083
211068101
211068106
211068251
211068258
211068279
211068400
211068467
211068579
211068641
211068655
211068830
211068837
211068885
211068914
211068970
211069011
211069133
211069231
211069259
211069272
211069276
211069385
211069418
211069615
211069622
211069813
211069863
211070096
211070383
211070476
211070477
211070491
211070495
211070543
211070715
211071010
211071185
211071351
211071372
211071383
211071431
211071491
211071504
211071514
211071722
211071841
211071863
211071889
211071946
211072039
211072438
211072659
211072773
211072788
211072832
211072899
211073307
211073443
211073622
211073692
211073821
211073898
211074122
211074151
211074211
211074858
211074879
211074888
211075014
211075155
211075413
211075627
211076066
211076400
211076519
211076650
211076679
211076778
211076815
211076910
211076944
211077010
211077024
211077144
211077349
211077464
211077649
211077674
211077716
211077985
211078145
211078164
211078239
211078279
211078393
211078408
211078413
211078559
211078565
211078589
211078648
211078690
211078780
211078992
211079041
211079100
211079106
211079141
211079145
211079207
211079220
211079332
211079344
211079377
211079450
211079585
211079650
211079772
211079789
211079794
211079830
211080023
211080127
211080155
211080177
211080261
211080295
211080412
211080431
211080546
211080622
211080676
211080814
211080873
211081065
211081096
211081122
211081278
211081519
211081593
211081656
211081671
211081743
211081776
211081828
211081949
211081985
211082093
211082104
211082135
211082138
211082270
211082288
211082363
211082398
211082429
211082433
211082436
211082458
211082490
211082538
211082698
211082856
211082883
211082925
211083139
211083256
211083301
211083317
211083428
211083575
211083672
211083875
211083877
211083905
211084000
211084027
211084069
211084148
211084436
211084463
211084620
211084676
211084726
211084733
211085003
211085034
211085091
211085267
211085397
211085407
211085419
211085427
211085429
211085562
211085582
211085714
211085828
211085921
211085970
211086025
211086047
211086147
211086170
211086260
211086263
211086387
211086442
211086444
211086544
211086553
211086580
211086622
211086687
211086832
211086854
211086888
211087003
211087059
211087100
211087142
211087173
211087357
211087700
211087739
211087758
211087985
211088020
211088035
211088189
211088258
211088422
211088766
211088796
211088843
211089068
211089187
211089251
211089359
211089462
211089510
211089538
211089792
211089916
211090094
211090115
211090145
211090224
211090469
211090479
211090485
211090600
211090605
211090925
211091343
211091354
211091363
211091381
211091392
211091497
211091536
211091685
211091701
211091768
211091791
211092028
211092122
211092430
211092487
211092494
211092628
211092630
211092631
211093040
211093117
211093156
211093203
211093307
211093377
211093429
211093574
211093684
211093734
211093906
211094047
211094095
211094117
211094386
211094469
211094733
211094777
211094988
211095143
211095170
211095189
211095199
211095218
211095259
211095261
211095280
211095292
211095548
211095581
211095834
211096059
211096320
211096368
211096385
211096395
211096397
211096421
211096432
211096461
211096608
211096735
211096873
211097132
211097372
211097402
211097759
211098032
211098175
211098265
211098279
211098366
211098387
211098408
211098454
211098750
211098921
211098973
211099051
211099054
211099232
211099297
211099743
211099759
211099801
211100238
211100392
211100398
211100538
211100565
211100653
211100748
211100795
211100894
211100931
211101081
211101098
211101195
211101218
211101280
211101475
211101564
211101583
211101696
211101896
211101983
211102001
211102156
211102172
211102300
211102393
211102442
211102515
211102801
211102816
211103033
211103077
211103100
211103222
211103322
211103325
211103694
211103792
211103795
211103863
211104176
211104312
211104559
211104722
211104734
211104793
211105160
211105507
211105653
211105700
211105839
211106344
211106429
211106513
211106625
211106743
211106969
211107116
211107267
211107429
211107439
211107465
211107529
211107623
211107734
211107835
211107998
211108129
211108136
211108263
211108319
211109330
211109453
211109574
211110023
211110208
211110295
211110428
211110438
211110468
211110509
211110624
211110672
211110902
211110960
211111398
211111400
211111421
211111427
211111496
211111554
211111580
211111670
211111751
211111803
211111858
211112140
211112171
211112517
211112525
211112636
211112974
211113164
211113178
211113202
211113263
211113286
211113345
211113551
211113626
211113689
211113696
211113761
211113781
211113814
211113970
211114011
211114317
211114329
211114664
211114711
211114819
211114847
211115321
211115359
211115466
211115638
211115713
211115810
211116507
211116927
211116932
211117077
211117202
211117230
211117626
211117880
211117883
211117960
211117964
211118079
211118119
211118251
211118285
211118414
211118427
211118456
211118542
211118731
211118760
211118767
211118985
211119017
211119059
211119656
211119678
211119703
211119749
211119814
211119999
211120128
211120279
211120497
211120561
211120595
211120653
211120877
211121090
211121141
211121361
211121363
211121401
211122237
211122285
211122388
211122561
211122882
211123198
211123433
211123901
211124272
211124784
211125179
211125210
211125311
211126469
211126491
211126627
211126934
211127164
211127165
211127297
211127395
211127467
211127537
211127799
211127814
211128263
211128282
211128530
211128645
211128842
211128863
211128979
211129028
211129190
211129272
211129308
211129321
211129584
211129754
211129892
211130239
211130498
211130839
211130861
211131040
211131087
211131181
211131372
211131440
211131517
211131748
211131795
211132092
211132111
211132233
211132712
211132998
211133051
211133138
211133190
211133199
211133458
211133674
211133821
211134060
211134184
211134279
211134460
211134757
211135350
211135425
211135523
211135893
211135940
211136223
211136239
211137093
211137180
211137190
211137806
211137863
211138217
211138299
211138529
211138639
211138707
211138781
211138883
211138938
211139534
211139647
211139723
211139797
211140077
211140155
211140191
211140562
211140995
211141282
211141455
211141632
211141637
211141664
211142523
211142596
211142662
211142685
211142763
211143332
211143363
211143427
211143501
211143669
211144344
211144522
211144587
211144605
211144699
211144889
211145177
211145650
211145691
211146047
211147023
211147344
211147423
211147529
211147822
211149525
211149600
211149668
211149743
211149863
211150258
211150975
211151085
211151564
211151674
211152349
211152708
211153079
211153208
211153286
211153352
211153455
211153742
211154564
211154974
211155125
211155157
211155413
211155944
211156183
211156280
211156631
211156737
211156766
211156798
211156926
211157125
211157130
211157234
211158092
211158357
211158487
211158768
211158903
211159136
211159516
211159546
211159819
211159865
211159873
211161128
211161416
211161522
211161589
211161597
211161968
211162646
211163008
211163261
211163265
211163513
211164238
211164332
211164649
211164751
211164940
211165083
211165085
211165395
211166537
211166657
211166831
211166852
211167040
211167048
211167266
211167562
211167564
211168082
211168323
211169225
211169300
211169396
211169647
211169828
211170443
211170832
211170934
211171117
211171206
211171449
211171690
211171695
211171733
211172343
211172543
211173127
211173272
211173962
211174207
211174237
211174309
211174484
211175048
211175106
211175787
211176058
211176443
211176536
211176546
211177579
211179764
211180353
211180357
211180898
211181101
211181193
211182027
211182030
211182501
211182640
211182661
211182749
211182886
211182957
211183696
211183710
211184620
211184698
211185216
211185386
211187033
211187373
211187562
211188439
211188669
211190693
211191261
211191687
211192464
211193132
211194832
211195065
211195812
211200040
211201094
211201576
211203589
