210311535
210322126
210343581
210345648
210389601
210399040
210418729
210437334
210454384
210457607
210471429
210471507
210475866
210507908
210509604
210511418
210577318
210600482
210644048
210662654
210665016
210678680
210687885
210692429
210697426
210707203
210729707
210733035
210746706
210754711
210755194
210763406
210766289
210815465
210830646
210839363
210868876
210886049
210893410
210925792
210933539
210967607
210976082
210994946
211000317
211012043
211033833
211047990
211048310
211051536
211060762
211069540
211069629
211074556
211084813
211088076
211090829
211091135
211091644
211106295
211110493
211115616
211140205
211144310
211161155
211182143
211186280
